[HBA|-42.8,147.5|20180705020000|Sunny|7.00|1011.00|90.00]
[HBA|-42.8,147.5|20180705013000|Sunny|6.60|1010.90|89.00]
[HBA|-42.8,147.5|20180705010000|Sunny|7.80|1010.50|84.00]
[HBA|-42.8,147.5|20180705003000|Sunny|7.10|1010.60|84.00]
[HBA|-42.8,147.5|20180705000000|Sunny|7.40|1010.20|79.00]
[HBA|-42.8,147.5|20180704233000|Sunny|6.80|1009.60|68.00]
[HBA|-42.8,147.5|20180704230000|Sunny|6.10|1009.30|71.00]
[HBA|-42.8,147.5|20180704223000|Sunny|6.10|1009.40|71.00]
[HBA|-42.8,147.5|20180704220000|Sunny|6.70|1009.30|70.00]
[HBA|-42.8,147.5|20180704213000|Sunny|6.50|1009.10|68.00]
[HBA|-42.8,147.5|20180704210000|Sunny|6.50|1009.20|68.00]
[HBA|-42.8,147.5|20180704203000|Sunny|6.50|1009.00|66.00]
[HBA|-42.8,147.5|20180704200000|Sunny|5.80|1008.60|66.00]
[HBA|-42.8,147.5|20180704193000|Sunny|6.30|1008.70|63.00]
[HBA|-42.8,147.5|20180704190000|Sunny|7.80|1008.80|65.00]
[HBA|-42.8,147.5|20180704183000|Sunny|8.60|1009.00|66.00]
[HBA|-42.8,147.5|20180704180000|Sunny|8.50|1009.10|68.00]
[HBA|-42.8,147.5|20180704173000|Sunny|7.70|1009.00|68.00]
[HBA|-42.8,147.5|20180704170000|Sunny|8.80|1008.90|67.00]
[HBA|-42.8,147.5|20180704163000|Sunny|9.20|1009.00|70.00]
[HBA|-42.8,147.5|20180704160000|Sunny|7.40|1008.90|67.00]
[HBA|-42.8,147.5|20180704153000|Sunny|6.60|1008.90|67.00]
[HBA|-42.8,147.5|20180704151200|Sunny|7.60|1009.70|64.00]
[HBA|-42.8,147.5|20180704150000|Sunny|8.80|1010.00|63.00]
[HBA|-42.8,147.5|20180704143000|Sunny|9.20|1010.10|57.00]
[HBA|-42.8,147.5|20180704140000|Sunny|8.30|1009.50|50.00]
[HBA|-42.8,147.5|20180704133700|Sunny|8.30|1009.20|45.00]
[HBA|-42.8,147.5|20180704133000|Sunny|8.00|1009.30|44.00]
[HBA|-42.8,147.5|20180704132400|Sunny|9.00|1009.50|44.00]
[HBA|-42.8,147.5|20180704130000|Sunny|10.50|1009.90|44.00]
[HBA|-42.8,147.5|20180704123000|Sunny|10.70|1010.50|48.00]
[HBA|-42.8,147.5|20180704120000|Sunny|9.40|1011.50|48.00]
[HBA|-42.8,147.5|20180704113000|Sunny|10.40|1011.90|51.00]
[HBA|-42.8,147.5|20180704110000|Sunny|9.20|1012.50|55.00]
[HBA|-42.8,147.5|20180704103000|Sunny|9.30|1012.60|57.00]
[HBA|-42.8,147.5|20180704100000|Sunny|9.40|1013.10|58.00]
[HBA|-42.8,147.5|20180704093000|Sunny|8.40|1013.80|59.00]
[HBA|-42.8,147.5|20180704090000|Sunny|8.10|1014.00|64.00]
[HBA|-42.8,147.5|20180704083000|Sunny|6.70|1014.30|67.00]
[HBA|-42.8,147.5|20180704080000|Sunny|5.40|1014.40|81.00]
[HBA|-42.8,147.5|20180704073000|Sunny|7.10|1014.90|64.00]
[HBA|-42.8,147.5|20180704070000|Sunny|5.80|1015.10|64.00]
[HBA|-42.8,147.5|20180704063000|Sunny|6.40|1014.70|68.00]
[HBA|-42.8,147.5|20180704060000|Sunny|6.90|1014.40|65.00]
[HBA|-42.8,147.5|20180704053000|Sunny|6.60|1015.40|68.00]
[HBA|-42.8,147.5|20180704050000|Sunny|6.70|1015.80|68.00]
[HBA|-42.8,147.5|20180704043000|Sunny|7.20|1015.30|62.00]
[HBA|-42.8,147.5|20180704040000|Sunny|7.40|1016.10|63.00]
[HBA|-42.8,147.5|20180704033000|Sunny|7.10|1016.80|68.00]
[HBA|-42.8,147.5|20180704030000|Sunny|7.50|1017.00|71.00]
[HBA|-42.8,147.5|20180704023000|Sunny|7.70|1017.00|76.00]
[HBA|-42.8,147.5|20180704020000|Sunny|7.90|1017.50|75.00]
[HBA|-42.8,147.5|20180704013000|Sunny|6.50|1017.40|74.00]
[HBA|-42.8,147.5|20180704010000|Sunny|7.80|1017.10|72.00]
[HBA|-42.8,147.5|20180704003000|Sunny|7.80|1017.30|73.00]
[HBA|-42.8,147.5|20180704000000|Sunny|8.00|1017.40|66.00]
[HBA|-42.8,147.5|20180703233000|Sunny|8.70|1017.50|70.00]
[HBA|-42.8,147.5|20180703230000|Sunny|8.50|1017.70|65.00]
[HBA|-42.8,147.5|20180703223000|Sunny|6.80|1017.50|68.00]
[HBA|-42.8,147.5|20180703220000|Sunny|8.80|1017.50|65.00]
[HBA|-42.8,147.5|20180703213000|Sunny|9.40|1017.40|62.00]
[HBA|-42.8,147.5|20180703210000|Sunny|9.40|1017.30|61.00]
[HBA|-42.8,147.5|20180703203000|Sunny|9.70|1017.10|66.00]
[HBA|-42.8,147.5|20180703200000|Sunny|8.90|1016.90|65.00]
[HBA|-42.8,147.5|20180703193000|Sunny|9.60|1016.60|56.00]
[HBA|-42.8,147.5|20180703190000|Sunny|8.90|1016.40|61.00]
[HBA|-42.8,147.5|20180703183000|Sunny|9.50|1015.90|55.00]
[HBA|-42.8,147.5|20180703180000|Sunny|9.30|1015.80|52.00]
[HBA|-42.8,147.5|20180703173000|Sunny|9.70|1015.50|57.00]
[HBA|-42.8,147.5|20180703170000|Sunny|10.50|1014.90|54.00]
[HBA|-42.8,147.5|20180703163000|Sunny|9.20|1014.40|55.00]
[HBA|-42.8,147.5|20180703160000|Sunny|10.10|1014.20|49.00]
[HBA|-42.8,147.5|20180703153000|Sunny|9.50|1014.20|48.00]
[HBA|-42.8,147.5|20180703150900|Sunny|8.00|1014.00|46.00]
[HBA|-42.8,147.5|20180703150000|Sunny|9.90|1013.70|42.00]
[HBA|-42.8,147.5|20180703143000|Sunny|7.80|1013.40|46.00]
[HBA|-42.8,147.5|20180703142800|Sunny|7.50|1013.50|45.00]
[HBA|-42.8,147.5|20180703140000|Sunny|8.20|1013.70|39.00]
[HBA|-42.8,147.5|20180703133000|Sunny|8.10|1013.80|40.00]
[HBA|-42.8,147.5|20180703130000|Sunny|8.40|1013.30|39.00]
[HBA|-42.8,147.5|20180703125200|Sunny|7.40|1013.50|38.00]
[HBA|-42.8,147.5|20180703123000|Sunny|8.10|1014.00|42.00]
[HBA|-42.8,147.5|20180703120000|Sunny|7.40|1014.00|43.00]
[HBA|-42.8,147.5|20180703113000|Sunny|6.60|1014.30|40.00]
[HBA|-42.8,147.5|20180703110000|Sunny|7.20|1014.60|34.00]
[HBA|-42.8,147.5|20180703103000|Sunny|6.90|1015.30|41.00]
[HBA|-42.8,147.5|20180703100000|Sunny|5.50|1015.30|52.00]
[HBA|-42.8,147.5|20180703093000|Sunny|5.50|1015.20|55.00]
[HBA|-42.8,147.5|20180703090000|Sunny|4.10|1015.40|56.00]
[HBA|-42.8,147.5|20180703083000|Sunny|4.50|1015.10|51.00]
[HBA|-42.8,147.5|20180703081100|Sunny|4.60|1014.20|48.00]
[HBA|-42.8,147.5|20180703080000|Sunny|4.50|1014.60|54.00]
[HBA|-42.8,147.5|20180703073000|Sunny|4.80|1015.30|62.00]
[HBA|-42.8,147.5|20180703070000|Sunny|4.20|1015.30|63.00]
[HBA|-42.8,147.5|20180703063000|Sunny|4.10|1015.30|62.00]
[HBA|-42.8,147.5|20180703061500|Sunny|3.80|1015.20|60.00]
[HBA|-42.8,147.5|20180703060000|Sunny|4.20|1015.70|58.00]
[HBA|-42.8,147.5|20180703053000|Sunny|3.70|1015.40|63.00]
[HBA|-42.8,147.5|20180703050000|Sunny|4.10|1016.00|60.00]
[HBA|-42.8,147.5|20180703045100|Sunny|3.70|1016.30|57.00]
[HBA|-42.8,147.5|20180703043000|Sunny|3.70|1016.40|57.00]
[HBA|-42.8,147.5|20180703040000|Sunny|2.40|1016.90|62.00]
[HBA|-42.8,147.5|20180703033000|Sunny|3.10|1017.90|54.00]
[HBA|-42.8,147.5|20180703030000|Sunny|2.80|1017.90|59.00]
[HBA|-42.8,147.5|20180703023000|Sunny|3.10|1017.90|60.00]
[HBA|-42.8,147.5|20180703020000|Sunny|3.20|1018.10|54.00]
[HBA|-42.8,147.5|20180703013000|Sunny|3.70|1018.60|63.00]
[HBA|-42.8,147.5|20180703010000|Sunny|4.20|1019.10|58.00]
[HBA|-42.8,147.5|20180703003000|Sunny|5.30|1019.90|62.00]
[HBA|-42.8,147.5|20180703000000|Sunny|4.10|1020.20|62.00]
[HBA|-42.8,147.5|20180702233000|Sunny|3.10|1020.50|69.00]
[HBA|-42.8,147.5|20180702230000|Sunny|3.00|1020.50|62.00]
[HBA|-42.8,147.5|20180702223000|Sunny|2.80|1021.10|67.00]
[HBA|-42.8,147.5|20180702220000|Sunny|3.00|1021.50|66.00]
[HBA|-42.8,147.5|20180702213000|Sunny|5.00|1022.10|60.00]
[HBA|-42.8,147.5|20180702210000|Sunny|4.60|1022.50|62.00]
[HBA|-42.8,147.5|20180702203000|Sunny|3.70|1022.20|62.00]
[HBA|-42.8,147.5|20180702200000|Sunny|4.30|1022.60|61.00]
[HBA|-42.8,147.5|20180702193000|Sunny|4.30|1023.00|55.00]
[HBA|-42.8,147.5|20180702190000|Sunny|4.80|1023.00|54.00]
[HBA|-42.8,147.5|20180702183000|Sunny|5.00|1022.90|55.00]
[HBA|-42.8,147.5|20180702180000|Sunny|4.90|1023.20|56.00]
[HBA|-42.8,147.5|20180702173000|Sunny|5.60|1023.20|63.00]
[HBA|-42.8,147.5|20180702170000|Sunny|6.40|1023.10|64.00]
[HBA|-42.8,147.5|20180702163000|Sunny|7.70|1023.30|58.00]
[HBA|-42.8,147.5|20180702160000|Sunny|7.60|1023.50|59.00]
[HBA|-42.8,147.5|20180702153000|Sunny|7.60|1024.00|56.00]
[HBA|-42.8,147.5|20180702150000|Sunny|8.50|1024.20|56.00]
[HBA|-42.8,147.5|20180702143000|Sunny|9.20|1024.40|52.00]
[HBA|-42.8,147.5|20180702140000|Sunny|9.20|1024.80|48.00]
[HBA|-42.8,147.5|20180702133000|Sunny|9.40|1025.30|47.00]
[HBA|-42.8,147.5|20180702130000|Sunny|8.60|1025.60|47.00]
[HBA|-42.8,147.5|20180702123000|Sunny|9.00|1026.10|46.00]
[HBA|-42.8,147.5|20180702120000|Sunny|7.50|1026.70|49.00]
[HBA|-42.8,147.5|20180702113000|Sunny|6.80|1027.10|56.00]
[HBA|-42.8,147.5|20180702110000|Sunny|6.10|1027.70|58.00]
[HBA|-42.8,147.5|20180702103000|Sunny|4.60|1028.00|62.00]
[HBA|-42.8,147.5|20180702100000|Sunny|4.40|1028.30|69.00]
[HBA|-42.8,147.5|20180702093000|Sunny|3.70|1028.50|71.00]
[HBA|-42.8,147.5|20180702090000|Sunny|2.90|1028.80|68.00]
[HBA|-42.8,147.5|20180702083000|Sunny|2.20|1028.90|72.00]
[HBA|-42.8,147.5|20180702080000|Sunny|0.00|1028.80|78.00]
[HBA|-42.8,147.5|20180702073000|Sunny|0.10|1028.50|79.00]
[HBA|-42.8,147.5|20180702070000|Sunny|1.10|1028.50|87.00]
[HBA|-42.8,147.5|20180702063000|Sunny|1.40|1028.40|81.00]
[HBA|-42.8,147.5|20180702060000|Sunny|0.00|1028.30|88.00]
[HBA|-42.8,147.5|20180702053000|Sunny|1.80|1028.50|83.00]
[HBA|-42.8,147.5|20180702050000|Sunny|0.70|1028.00|85.00]
[HBA|-42.8,147.5|20180702043000|Sunny|1.10|1028.10|84.00]
[HBA|-42.8,147.5|20180702040000|Sunny|-0.70|1028.20|85.00]
[HBA|-42.8,147.5|20180702033000|Sunny|0.80|1028.30|81.00]
[HBA|-42.8,147.5|20180702030000|Sunny|1.10|1028.70|77.00]
[null]
