[PER|-31.9,116.0|20180705001900|Sunny|6.60|1014.90|58.00]
[PER|-31.9,116.0|20180705000000|Sunny|7.20|1014.70|66.00]
[PER|-31.9,116.0|20180704234500|Sunny|4.20|1014.90|80.00]
[PER|-31.9,116.0|20180704233000|Sunny|8.20|1014.70|61.00]
[PER|-31.9,116.0|20180704230000|Sunny|5.40|1015.00|70.00]
[PER|-31.9,116.0|20180704223000|Sunny|7.00|1014.70|57.00]
[PER|-31.9,116.0|20180704220000|Sunny|7.40|1014.50|62.00]
[PER|-31.9,116.0|20180704213000|Sunny|7.90|1014.40|51.00]
[PER|-31.9,116.0|20180704210000|Sunny|6.20|1014.50|52.00]
[PER|-31.9,116.0|20180704203000|Sunny|5.40|1014.40|66.00]
[PER|-31.9,116.0|20180704201700|Sunny|7.10|1014.10|59.00]
[PER|-31.9,116.0|20180704200000|Sunny|6.80|1013.90|60.00]
[PER|-31.9,116.0|20180704194800|Sunny|5.70|1013.80|58.00]
[PER|-31.9,116.0|20180704193000|Sunny|5.90|1013.30|68.00]
[PER|-31.9,116.0|20180704190000|Sunny|4.90|1013.00|69.00]
[PER|-31.9,116.0|20180704185300|Sunny|6.80|1012.90|59.00]
[PER|-31.9,116.0|20180704184300|Sunny|7.80|1012.20|57.00]
[PER|-31.9,116.0|20180704183000|Sunny|6.80|1012.20|57.00]
[PER|-31.9,116.0|20180704180000|Sunny|6.50|1011.90|73.00]
[PER|-31.9,116.0|20180704173500|Sunny|7.90|1011.30|69.00]
[PER|-31.9,116.0|20180704173000|Sunny|9.30|1011.30|69.00]
[PER|-31.9,116.0|20180704171800|Sunny|7.00|1011.30|74.00]
[PER|-31.9,116.0|20180704170800|Sunny|5.50|1011.40|80.00]
[PER|-31.9,116.0|20180704170000|Sunny|5.40|1011.50|63.00]
[PER|-31.9,116.0|20180704165500|Sunny|7.40|1011.20|57.00]
[PER|-31.9,116.0|20180704163000|Sunny|8.10|1010.80|55.00]
[PER|-31.9,116.0|20180704160000|Sunny|9.10|1010.40|61.00]
[PER|-31.9,116.0|20180704153800|Sunny|10.30|1010.40|73.00]
[PER|-31.9,116.0|20180704153000|Sunny|8.30|1010.40|74.00]
[PER|-31.9,116.0|20180704151900|Sunny|9.20|1010.80|74.00]
[PER|-31.9,116.0|20180704151600|Sunny|10.00|1010.20|68.00]
[PER|-31.9,116.0|20180704150000|Sunny|10.10|1010.20|75.00]
[PER|-31.9,116.0|20180704143500|Sunny|9.00|1010.30|81.00]
[PER|-31.9,116.0|20180704143000|Sunny|10.30|1010.30|84.00]
[PER|-31.9,116.0|20180704140000|Sunny|10.40|1010.00|81.00]
[PER|-31.9,116.0|20180704134900|Sunny|10.40|1009.80|84.00]
[PER|-31.9,116.0|20180704133500|Sunny|10.10|1009.90|66.00]
[PER|-31.9,116.0|20180704133000|Sunny|12.10|1009.60|71.00]
[PER|-31.9,116.0|20180704130800|Sunny|8.10|1010.10|81.00]
[PER|-31.9,116.0|20180704130000|Sunny|9.70|1009.90|58.00]
[PER|-31.9,116.0|20180704123000|Sunny|11.40|1010.40|56.00]
[PER|-31.9,116.0|20180704121600|Sunny|11.60|1010.60|62.00]
[PER|-31.9,116.0|20180704120000|Sunny|13.80|1010.70|60.00]
[PER|-31.9,116.0|20180704113000|Sunny|10.60|1011.00|88.00]
[PER|-31.9,116.0|20180704112200|Sunny|10.50|1011.20|85.00]
[PER|-31.9,116.0|20180704110000|Sunny|8.50|1011.10|78.00]
[PER|-31.9,116.0|20180704105300|Sunny|12.10|1011.20|67.00]
[PER|-31.9,116.0|20180704105100|Sunny|12.50|1011.00|67.00]
[PER|-31.9,116.0|20180704104200|Sunny|11.80|1011.20|67.00]
[PER|-31.9,116.0|20180704103000|Sunny|12.30|1011.40|71.00]
[PER|-31.9,116.0|20180704100000|Sunny|9.50|1011.60|81.00]
[PER|-31.9,116.0|20180704093900|Sunny|9.20|1012.10|89.00]
[PER|-31.9,116.0|20180704093000|Sunny|8.30|1012.30|87.00]
[PER|-31.9,116.0|20180704091900|Sunny|9.60|1011.90|88.00]
[PER|-31.9,116.0|20180704090000|Sunny|9.40|1011.90|89.00]
[PER|-31.9,116.0|20180704085500|Sunny|9.20|1011.90|90.00]
[PER|-31.9,116.0|20180704083000|Sunny|8.50|1012.00|92.00]
[PER|-31.9,116.0|20180704080000|Sunny|7.30|1011.60|84.00]
[PER|-31.9,116.0|20180704073000|Sunny|5.90|1011.10|83.00]
[PER|-31.9,116.0|20180704070000|Sunny|6.50|1011.20|87.00]
[PER|-31.9,116.0|20180704063000|Sunny|6.80|1011.10|90.00]
[PER|-31.9,116.0|20180704060000|Sunny|6.50|1011.30|90.00]
[PER|-31.9,116.0|20180704053000|Sunny|6.90|1011.40|90.00]
[PER|-31.9,116.0|20180704050000|Sunny|6.90|1011.50|92.00]
[PER|-31.9,116.0|20180704043000|Sunny|7.10|1011.90|92.00]
[PER|-31.9,116.0|20180704040000|Sunny|6.80|1012.20|92.00]
[PER|-31.9,116.0|20180704033000|Sunny|8.30|1012.50|92.00]
[PER|-31.9,116.0|20180704030000|Sunny|8.20|1012.60|93.00]
[PER|-31.9,116.0|20180704023000|Sunny|7.30|1012.80|93.00]
[PER|-31.9,116.0|20180704020000|Sunny|8.30|1013.00|93.00]
[PER|-31.9,116.0|20180704013000|Sunny|7.90|1013.20|95.00]
[PER|-31.9,116.0|20180704010000|Sunny|9.30|1013.50|94.00]
[PER|-31.9,116.0|20180704003000|Sunny|8.80|1013.60|95.00]
[PER|-31.9,116.0|20180704000000|Sunny|9.50|1013.70|95.00]
[PER|-31.9,116.0|20180703233000|Sunny|8.90|1014.00|95.00]
[PER|-31.9,116.0|20180703230000|Sunny|10.20|1014.00|95.00]
[PER|-31.9,116.0|20180703223000|Sunny|8.80|1014.30|94.00]
[PER|-31.9,116.0|20180703220000|Sunny|8.70|1014.30|94.00]
[PER|-31.9,116.0|20180703213000|Sunny|8.30|1014.50|90.00]
[PER|-31.9,116.0|20180703210000|Sunny|9.10|1014.60|91.00]
[PER|-31.9,116.0|20180703203000|Sunny|10.10|1014.60|91.00]
[PER|-31.9,116.0|20180703200000|Sunny|10.80|1014.40|91.00]
[PER|-31.9,116.0|20180703193000|Sunny|11.30|1014.20|87.00]
[PER|-31.9,116.0|20180703190000|Sunny|10.90|1014.20|69.00]
[PER|-31.9,116.0|20180703183000|Sunny|11.50|1013.70|58.00]
[PER|-31.9,116.0|20180703180000|Sunny|11.70|1013.40|57.00]
[PER|-31.9,116.0|20180703173000|Sunny|11.90|1013.30|53.00]
[PER|-31.9,116.0|20180703170000|Sunny|11.30|1013.00|50.00]
[PER|-31.9,116.0|20180703163000|Sunny|10.90|1012.80|48.00]
[PER|-31.9,116.0|20180703160000|Sunny|12.20|1012.70|45.00]
[PER|-31.9,116.0|20180703153000|Sunny|10.00|1012.50|44.00]
[PER|-31.9,116.0|20180703150000|Sunny|10.60|1012.30|45.00]
[PER|-31.9,116.0|20180703143000|Sunny|11.50|1011.90|43.00]
[PER|-31.9,116.0|20180703140000|Sunny|10.70|1011.90|45.00]
[PER|-31.9,116.0|20180703135900|Sunny|10.90|1011.80|45.00]
[PER|-31.9,116.0|20180703133000|Sunny|11.40|1011.60|47.00]
[PER|-31.9,116.0|20180703130000|Sunny|11.90|1011.70|43.00]
[PER|-31.9,116.0|20180703124400|Sunny|11.40|1011.60|45.00]
[PER|-31.9,116.0|20180703123000|Sunny|11.30|1011.60|50.00]
[PER|-31.9,116.0|20180703120700|Sunny|10.50|1011.80|48.00]
[PER|-31.9,116.0|20180703120000|Sunny|10.50|1011.70|45.00]
[PER|-31.9,116.0|20180703113000|Sunny|11.20|1011.70|47.00]
[PER|-31.9,116.0|20180703110300|Sunny|12.20|1011.50|52.00]
[PER|-31.9,116.0|20180703110000|Sunny|11.80|1011.50|53.00]
[PER|-31.9,116.0|20180703103000|Sunny|12.40|1011.30|55.00]
[PER|-31.9,116.0|20180703100000|Sunny|13.30|1010.90|61.00]
[PER|-31.9,116.0|20180703093000|Sunny|13.70|1010.70|61.00]
[PER|-31.9,116.0|20180703090000|Sunny|12.80|1010.20|63.00]
[PER|-31.9,116.0|20180703083000|Sunny|12.50|1009.80|70.00]
[PER|-31.9,116.0|20180703080000|Sunny|11.70|1009.30|77.00]
[PER|-31.9,116.0|20180703073000|Sunny|12.40|1008.80|62.00]
[PER|-31.9,116.0|20180703070000|Sunny|12.00|1008.20|64.00]
[PER|-31.9,116.0|20180703063000|Sunny|12.50|1007.80|64.00]
[PER|-31.9,116.0|20180703060000|Sunny|12.30|1007.30|68.00]
[PER|-31.9,116.0|20180703053000|Sunny|12.60|1006.90|67.00]
[PER|-31.9,116.0|20180703050000|Sunny|12.30|1006.40|68.00]
[PER|-31.9,116.0|20180703043000|Sunny|13.20|1006.10|72.00]
[PER|-31.9,116.0|20180703040000|Sunny|13.10|1005.90|79.00]
[PER|-31.9,116.0|20180703033400|Sunny|11.50|1005.80|74.00]
[PER|-31.9,116.0|20180703033000|Sunny|12.40|1005.70|72.00]
[PER|-31.9,116.0|20180703030400|Sunny|11.80|1005.70|73.00]
[PER|-31.9,116.0|20180703030000|Sunny|13.20|1005.70|71.00]
[PER|-31.9,116.0|20180703023000|Sunny|14.30|1005.00|77.00]
[PER|-31.9,116.0|20180703020000|Sunny|13.80|1005.00|73.00]
[PER|-31.9,116.0|20180703013000|Sunny|13.10|1004.70|77.00]
[PER|-31.9,116.0|20180703010000|Sunny|15.80|1004.60|96.00]
[PER|-31.9,116.0|20180703003000|Sunny|15.60|1005.20|97.00]
[PER|-31.9,116.0|20180703000000|Sunny|15.60|1005.00|97.00]
[PER|-31.9,116.0|20180702233000|Sunny|15.50|1005.10|97.00]
[PER|-31.9,116.0|20180702230000|Sunny|15.00|1005.00|96.00]
[PER|-31.9,116.0|20180702223000|Sunny|14.60|1004.60|94.00]
[PER|-31.9,116.0|20180702220000|Sunny|14.50|1005.00|96.00]
[PER|-31.9,116.0|20180702215100|Sunny|15.20|1004.60|96.00]
[PER|-31.9,116.0|20180702214300|Sunny|13.80|1004.40|96.00]
[PER|-31.9,116.0|20180702213000|Sunny|14.40|1004.00|96.00]
[PER|-31.9,116.0|20180702210000|Sunny|14.50|1004.40|96.00]
[PER|-31.9,116.0|20180702203000|Sunny|14.60|1004.50|94.00]
[PER|-31.9,116.0|20180702201700|Sunny|14.00|1004.90|94.00]
[PER|-31.9,116.0|20180702201200|Sunny|13.80|1002.70|94.00]
[PER|-31.9,116.0|20180702200000|Sunny|15.00|1005.10|94.00]
[PER|-31.9,116.0|20180702193000|Sunny|14.30|1004.40|96.00]
[PER|-31.9,116.0|20180702190200|Sunny|16.00|1004.30|97.00]
[PER|-31.9,116.0|20180702190000|Sunny|16.00|1004.50|97.00]
[PER|-31.9,116.0|20180702185300|Sunny|15.60|1004.00|96.00]
[PER|-31.9,116.0|20180702185000|Sunny|15.60|1004.00|96.00]
[PER|-31.9,116.0|20180702183000|Sunny|14.70|1003.90|94.00]
[PER|-31.9,116.0|20180702180000|Sunny|14.60|1004.10|94.00]
[PER|-31.9,116.0|20180702174400|Sunny|14.70|1004.10|94.00]
[PER|-31.9,116.0|20180702173000|Sunny|14.60|1004.00|93.00]
[PER|-31.9,116.0|20180702170000|Sunny|14.20|1003.70|90.00]
[PER|-31.9,116.0|20180702163000|Sunny|13.70|1003.60|87.00]
[PER|-31.9,116.0|20180702160000|Sunny|13.70|1004.10|86.00]
[PER|-31.9,116.0|20180702153600|Sunny|13.70|1004.40|86.00]
[PER|-31.9,116.0|20180702153000|Sunny|12.90|1004.40|86.00]
[PER|-31.9,116.0|20180702150000|Sunny|14.20|1003.80|90.00]
[PER|-31.9,116.0|20180702143000|Sunny|12.30|1004.10|92.00]
[PER|-31.9,116.0|20180702140000|Sunny|13.70|1003.70|95.00]
[PER|-31.9,116.0|20180702135100|Sunny|14.90|1003.50|95.00]
[PER|-31.9,116.0|20180702134100|Sunny|15.00|1003.20|97.00]
[PER|-31.9,116.0|20180702133000|Sunny|15.10|1003.00|97.00]
[PER|-31.9,116.0|20180702130000|Sunny|13.60|1003.10|97.00]
[PER|-31.9,116.0|20180702123000|Sunny|11.70|1003.20|97.00]
[PER|-31.9,116.0|20180702120000|Sunny|10.90|1003.90|94.00]
[PER|-31.9,116.0|20180702115900|Sunny|11.20|1003.90|94.00]
[PER|-31.9,116.0|20180702113000|Sunny|10.60|1004.30|94.00]
[PER|-31.9,116.0|20180702110000|Sunny|10.40|1004.90|93.00]
[PER|-31.9,116.0|20180702105500|Sunny|10.80|1004.90|92.00]
[PER|-31.9,116.0|20180702103000|Sunny|9.70|1005.20|93.00]
[PER|-31.9,116.0|20180702102600|Sunny|9.60|1005.30|93.00]
[PER|-31.9,116.0|20180702100000|Sunny|10.10|1005.70|91.00]
[PER|-31.9,116.0|20180702093000|Sunny|8.60|1006.40|88.00]
[PER|-31.9,116.0|20180702090000|Sunny|9.70|1006.60|84.00]
[PER|-31.9,116.0|20180702083000|Sunny|12.80|1006.40|78.00]
[PER|-31.9,116.0|20180702082800|Sunny|12.60|1006.40|76.00]
[PER|-31.9,116.0|20180702080000|Sunny|11.80|1005.80|59.00]
[PER|-31.9,116.0|20180702073000|Sunny|11.30|1006.40|57.00]
[PER|-31.9,116.0|20180702070000|Sunny|11.20|1006.60|53.00]
[PER|-31.9,116.0|20180702063000|Sunny|11.60|1006.90|45.00]
[PER|-31.9,116.0|20180702060000|Sunny|12.00|1007.10|47.00]
[PER|-31.9,116.0|20180702053000|Sunny|11.90|1007.30|53.00]
[PER|-31.9,116.0|20180702050000|Sunny|12.30|1007.40|51.00]
[PER|-31.9,116.0|20180702043000|Sunny|13.00|1008.10|42.00]
[PER|-31.9,116.0|20180702040000|Sunny|11.70|1008.50|40.00]
[PER|-31.9,116.0|20180702033000|Sunny|11.90|1009.30|35.00]
[PER|-31.9,116.0|20180702030000|Sunny|11.90|1010.00|37.00]
[PER|-31.9,116.0|20180702023000|Sunny|12.30|1009.90|35.00]
[PER|-31.9,116.0|20180702020000|Sunny|13.30|1010.10|36.00]
[PER|-31.9,116.0|20180702013000|Sunny|12.40|1010.40|35.00]
[PER|-31.9,116.0|20180702010000|Sunny|13.20|1010.90|37.00]
[null]
