[SYD|-33.9,151.2|20180705020000|Sunny|11.40|1023.10|95.00]
[SYD|-33.9,151.2|20180705013000|Sunny|11.90|1023.10|94.00]
[SYD|-33.9,151.2|20180705010000|Sunny|12.00|1023.20|93.00]
[SYD|-33.9,151.2|20180705003000|Sunny|12.80|1023.50|93.00]
[SYD|-33.9,151.2|20180705000000|Sunny|13.80|1023.80|92.00]
[SYD|-33.9,151.2|20180704233000|Sunny|14.30|1023.90|91.00]
[SYD|-33.9,151.2|20180704230000|Sunny|13.20|1024.20|90.00]
[SYD|-33.9,151.2|20180704223000|Sunny|15.50|1024.00|85.00]
[SYD|-33.9,151.2|20180704220000|Sunny|15.90|1024.10|85.00]
[SYD|-33.9,151.2|20180704213000|Sunny|14.70|1023.90|84.00]
[SYD|-33.9,151.2|20180704210000|Sunny|14.50|1024.00|84.00]
[SYD|-33.9,151.2|20180704203000|Sunny|13.80|1023.90|84.00]
[SYD|-33.9,151.2|20180704200000|Sunny|14.00|1024.00|83.00]
[SYD|-33.9,151.2|20180704193000|Sunny|13.80|1024.10|83.00]
[SYD|-33.9,151.2|20180704190000|Sunny|14.30|1024.10|84.00]
[SYD|-33.9,151.2|20180704183000|Sunny|14.40|1024.10|83.00]
[SYD|-33.9,151.2|20180704180000|Sunny|15.20|1024.00|82.00]
[SYD|-33.9,151.2|20180704173000|Sunny|14.60|1024.00|82.00]
[SYD|-33.9,151.2|20180704170000|Sunny|14.50|1023.90|79.00]
[SYD|-33.9,151.2|20180704163000|Sunny|14.50|1024.00|74.00]
[SYD|-33.9,151.2|20180704160000|Sunny|15.40|1024.10|72.00]
[SYD|-33.9,151.2|20180704153000|Sunny|17.10|1024.30|66.00]
[SYD|-33.9,151.2|20180704150000|Sunny|17.00|1024.40|67.00]
[SYD|-33.9,151.2|20180704143000|Sunny|16.40|1024.70|66.00]
[SYD|-33.9,151.2|20180704140000|Sunny|17.90|1025.00|64.00]
[SYD|-33.9,151.2|20180704133000|Sunny|17.10|1025.50|65.00]
[SYD|-33.9,151.2|20180704130000|Sunny|17.50|1025.70|63.00]
[SYD|-33.9,151.2|20180704123000|Sunny|16.80|1026.20|62.00]
[SYD|-33.9,151.2|20180704120000|Sunny|15.20|1026.90|63.00]
[SYD|-33.9,151.2|20180704113000|Sunny|13.80|1027.40|64.00]
[SYD|-33.9,151.2|20180704110000|Sunny|13.30|1027.70|67.00]
[SYD|-33.9,151.2|20180704103000|Sunny|11.80|1028.10|72.00]
[SYD|-33.9,151.2|20180704100000|Sunny|11.30|1028.60|72.00]
[SYD|-33.9,151.2|20180704093000|Sunny|9.40|1028.30|76.00]
[SYD|-33.9,151.2|20180704090000|Sunny|9.50|1028.20|77.00]
[SYD|-33.9,151.2|20180704083000|Sunny|8.40|1028.10|80.00]
[SYD|-33.9,151.2|20180704080000|Sunny|7.60|1028.10|80.00]
[SYD|-33.9,151.2|20180704073000|Sunny|7.40|1028.10|86.00]
[SYD|-33.9,151.2|20180704070000|Sunny|6.60|1028.00|87.00]
[SYD|-33.9,151.2|20180704063000|Sunny|7.30|1028.30|90.00]
[SYD|-33.9,151.2|20180704060000|Sunny|6.70|1028.00|91.00]
[SYD|-33.9,151.2|20180704053000|Sunny|7.10|1027.70|92.00]
[SYD|-33.9,151.2|20180704050000|Sunny|7.50|1027.60|92.00]
[SYD|-33.9,151.2|20180704043000|Sunny|7.20|1027.40|93.00]
[SYD|-33.9,151.2|20180704040000|Sunny|6.90|1027.50|93.00]
[SYD|-33.9,151.2|20180704033000|Sunny|7.20|1027.70|91.00]
[SYD|-33.9,151.2|20180704030000|Sunny|7.60|1027.70|92.00]
[SYD|-33.9,151.2|20180704023000|Sunny|7.30|1027.70|91.00]
[SYD|-33.9,151.2|20180704020000|Sunny|6.80|1027.60|90.00]
[SYD|-33.9,151.2|20180704013000|Sunny|8.00|1027.80|89.00]
[SYD|-33.9,151.2|20180704010000|Sunny|8.80|1027.80|89.00]
[SYD|-33.9,151.2|20180704003000|Sunny|8.30|1027.60|89.00]
[SYD|-33.9,151.2|20180704000000|Sunny|10.10|1027.70|87.00]
[SYD|-33.9,151.2|20180703233000|Sunny|10.30|1027.80|87.00]
[SYD|-33.9,151.2|20180703230000|Sunny|10.40|1028.00|86.00]
[SYD|-33.9,151.2|20180703223000|Sunny|10.80|1028.10|83.00]
[SYD|-33.9,151.2|20180703220000|Sunny|12.10|1028.40|82.00]
[SYD|-33.9,151.2|20180703213000|Sunny|12.30|1028.70|86.00]
[SYD|-33.9,151.2|20180703210000|Sunny|11.00|1028.70|88.00]
[SYD|-33.9,151.2|20180703203000|Sunny|10.80|1028.40|85.00]
[SYD|-33.9,151.2|20180703200000|Sunny|13.40|1028.20|80.00]
[SYD|-33.9,151.2|20180703193000|Sunny|13.80|1027.70|75.00]
[SYD|-33.9,151.2|20180703190000|Sunny|14.20|1027.50|76.00]
[SYD|-33.9,151.2|20180703183000|Sunny|13.50|1027.30|79.00]
[SYD|-33.9,151.2|20180703180000|Sunny|14.10|1027.20|77.00]
[SYD|-33.9,151.2|20180703173000|Sunny|16.30|1027.50|73.00]
[SYD|-33.9,151.2|20180703170000|Sunny|14.60|1027.40|71.00]
[SYD|-33.9,151.2|20180703163000|Sunny|14.40|1027.10|70.00]
[SYD|-33.9,151.2|20180703160000|Sunny|14.70|1026.80|72.00]
[SYD|-33.9,151.2|20180703153000|Sunny|14.80|1026.80|64.00]
[SYD|-33.9,151.2|20180703150000|Sunny|15.30|1026.80|73.00]
[SYD|-33.9,151.2|20180703143000|Sunny|15.40|1026.80|66.00]
[SYD|-33.9,151.2|20180703140000|Sunny|15.50|1027.00|60.00]
[SYD|-33.9,151.2|20180703133000|Sunny|16.90|1027.30|60.00]
[SYD|-33.9,151.2|20180703130000|Sunny|15.40|1027.80|63.00]
[SYD|-33.9,151.2|20180703123000|Sunny|15.90|1028.00|65.00]
[SYD|-33.9,151.2|20180703120000|Sunny|13.40|1028.60|69.00]
[SYD|-33.9,151.2|20180703113000|Sunny|13.20|1028.90|72.00]
[SYD|-33.9,151.2|20180703110000|Sunny|12.90|1029.50|75.00]
[SYD|-33.9,151.2|20180703103000|Sunny|11.30|1029.60|78.00]
[SYD|-33.9,151.2|20180703100000|Sunny|11.70|1029.60|79.00]
[SYD|-33.9,151.2|20180703093000|Sunny|10.20|1029.40|80.00]
[SYD|-33.9,151.2|20180703090000|Sunny|9.90|1029.60|83.00]
[SYD|-33.9,151.2|20180703083000|Sunny|8.50|1029.90|86.00]
[SYD|-33.9,151.2|20180703080000|Sunny|7.80|1030.10|90.00]
[SYD|-33.9,151.2|20180703073000|Sunny|6.40|1030.00|92.00]
[SYD|-33.9,151.2|20180703070000|Sunny|7.00|1030.00|91.00]
[SYD|-33.9,151.2|20180703063000|Sunny|6.50|1029.70|93.00]
[SYD|-33.9,151.2|20180703060000|Sunny|6.70|1029.40|94.00]
[SYD|-33.9,151.2|20180703053000|Sunny|6.20|1029.50|95.00]
[SYD|-33.9,151.2|20180703050000|Sunny|7.60|1029.10|95.00]
[SYD|-33.9,151.2|20180703043000|Sunny|7.90|1028.80|95.00]
[SYD|-33.9,151.2|20180703040000|Sunny|6.70|1028.60|96.00]
[SYD|-33.9,151.2|20180703033000|Sunny|7.30|1028.70|96.00]
[SYD|-33.9,151.2|20180703030000|Sunny|8.20|1028.90|96.00]
[SYD|-33.9,151.2|20180703023000|Sunny|8.40|1029.10|96.00]
[SYD|-33.9,151.2|20180703020000|Sunny|9.10|1029.30|95.00]
[SYD|-33.9,151.2|20180703013000|Sunny|9.60|1029.20|94.00]
[SYD|-33.9,151.2|20180703010000|Sunny|9.80|1029.30|94.00]
[SYD|-33.9,151.2|20180703003000|Sunny|10.70|1029.70|95.00]
[SYD|-33.9,151.2|20180703000000|Sunny|12.20|1030.50|93.00]
[SYD|-33.9,151.2|20180702233000|Sunny|9.80|1030.60|94.00]
[SYD|-33.9,151.2|20180702230000|Sunny|9.10|1030.50|93.00]
[SYD|-33.9,151.2|20180702223000|Sunny|10.70|1030.60|94.00]
[SYD|-33.9,151.2|20180702220000|Sunny|10.30|1030.50|92.00]
[SYD|-33.9,151.2|20180702213000|Sunny|11.70|1030.40|92.00]
[SYD|-33.9,151.2|20180702210000|Sunny|10.20|1030.30|92.00]
[SYD|-33.9,151.2|20180702203000|Sunny|10.30|1030.30|91.00]
[SYD|-33.9,151.2|20180702200000|Sunny|10.60|1030.30|88.00]
[SYD|-33.9,151.2|20180702193000|Sunny|11.40|1030.20|88.00]
[SYD|-33.9,151.2|20180702190000|Sunny|9.10|1030.10|90.00]
[SYD|-33.9,151.2|20180702183000|Sunny|8.90|1029.90|92.00]
[SYD|-33.9,151.2|20180702182000|Sunny|9.90|1029.90|92.00]
[SYD|-33.9,151.2|20180702180000|Sunny|11.30|1029.90|91.00]
[SYD|-33.9,151.2|20180702174700|Sunny|10.80|1029.90|91.00]
[SYD|-33.9,151.2|20180702173000|Sunny|10.30|1029.70|90.00]
[SYD|-33.9,151.2|20180702170000|Sunny|10.40|1029.70|88.00]
[SYD|-33.9,151.2|20180702163000|Sunny|9.70|1029.20|81.00]
[SYD|-33.9,151.2|20180702160000|Sunny|11.10|1029.20|76.00]
[SYD|-33.9,151.2|20180702153000|Sunny|10.10|1029.20|74.00]
[SYD|-33.9,151.2|20180702150000|Sunny|9.90|1029.30|75.00]
[SYD|-33.9,151.2|20180702143000|Sunny|10.40|1029.40|73.00]
[SYD|-33.9,151.2|20180702140000|Sunny|11.60|1029.40|71.00]
[SYD|-33.9,151.2|20180702133000|Sunny|13.00|1029.60|57.00]
[SYD|-33.9,151.2|20180702130000|Sunny|13.40|1029.90|51.00]
[SYD|-33.9,151.2|20180702123000|Sunny|12.90|1030.30|54.00]
[SYD|-33.9,151.2|20180702120000|Sunny|13.80|1030.80|54.00]
[SYD|-33.9,151.2|20180702113000|Sunny|12.20|1031.30|56.00]
[SYD|-33.9,151.2|20180702110000|Sunny|17.20|1031.70|50.00]
[SYD|-33.9,151.2|20180702103000|Sunny|13.10|1032.00|60.00]
[SYD|-33.9,151.2|20180702100000|Sunny|12.80|1032.10|63.00]
[SYD|-33.9,151.2|20180702093000|Sunny|11.20|1031.90|71.00]
[SYD|-33.9,151.2|20180702090000|Sunny|10.90|1032.10|70.00]
[SYD|-33.9,151.2|20180702083000|Sunny|9.40|1032.20|75.00]
[SYD|-33.9,151.2|20180702080000|Sunny|7.50|1032.20|78.00]
[SYD|-33.9,151.2|20180702073000|Sunny|9.90|1031.90|78.00]
[SYD|-33.9,151.2|20180702070000|Sunny|10.40|1031.60|83.00]
[SYD|-33.9,151.2|20180702063000|Sunny|9.50|1031.50|83.00]
[SYD|-33.9,151.2|20180702060000|Sunny|9.60|1031.20|84.00]
[SYD|-33.9,151.2|20180702053000|Sunny|8.60|1031.10|85.00]
[SYD|-33.9,151.2|20180702050000|Sunny|9.70|1031.10|85.00]
[SYD|-33.9,151.2|20180702043000|Sunny|9.90|1031.00|86.00]
[SYD|-33.9,151.2|20180702040000|Sunny|9.60|1031.20|86.00]
[SYD|-33.9,151.2|20180702033000|Sunny|10.30|1031.30|82.00]
[SYD|-33.9,151.2|20180702030000|Sunny|9.30|1031.30|81.00]
[SYD|-33.9,151.2|20180702023000|Sunny|9.10|1031.30|80.00]
[null]
