[GUL|-34.8,149.7|20180705023000|Sunny|-0.50|1023.30|86.00]
[GUL|-34.8,149.7|20180705020000|Sunny|-1.70|1023.30|92.00]
[GUL|-34.8,149.7|20180705013000|Sunny|-1.90|1023.50|89.00]
[GUL|-34.8,149.7|20180705010000|Sunny|0.30|1023.50|86.00]
[GUL|-34.8,149.7|20180705003000|Sunny|0.90|1023.60|88.00]
[GUL|-34.8,149.7|20180705000000|Sunny|0.50|1023.80|90.00]
[GUL|-34.8,149.7|20180704233000|Sunny|-1.60|1024.10|93.00]
[GUL|-34.8,149.7|20180704230000|Sunny|-1.00|1024.40|95.00]
[GUL|-34.8,149.7|20180704223000|Sunny|-0.90|1024.40|90.00]
[GUL|-34.8,149.7|20180704220000|Sunny|0.40|1024.40|91.00]
[GUL|-34.8,149.7|20180704213000|Sunny|1.10|1024.30|85.00]
[GUL|-34.8,149.7|20180704210000|Sunny|2.00|1024.30|87.00]
[GUL|-34.8,149.7|20180704203000|Sunny|3.50|1024.30|87.00]
[GUL|-34.8,149.7|20180704200000|Sunny|3.90|1024.40|79.00]
[GUL|-34.8,149.7|20180704193000|Sunny|3.50|1024.20|79.00]
[GUL|-34.8,149.7|20180704190000|Sunny|4.40|1024.30|75.00]
[GUL|-34.8,149.7|20180704183000|Sunny|3.00|1024.50|78.00]
[GUL|-34.8,149.7|20180704180000|Sunny|1.40|1024.20|75.00]
[GUL|-34.8,149.7|20180704173000|Sunny|2.30|1024.10|66.00]
[GUL|-34.8,149.7|20180704170000|Sunny|6.30|1023.90|55.00]
[GUL|-34.8,149.7|20180704163000|Sunny|9.30|1024.10|46.00]
[GUL|-34.8,149.7|20180704160000|Sunny|10.90|1024.10|40.00]
[GUL|-34.8,149.7|20180704153000|Sunny|10.80|1024.00|36.00]
[GUL|-34.8,149.7|20180704150000|Sunny|11.90|1024.00|34.00]
[GUL|-34.8,149.7|20180704143000|Sunny|11.90|1024.00|32.00]
[GUL|-34.8,149.7|20180704140000|Sunny|12.10|1024.20|37.00]
[GUL|-34.8,149.7|20180704133000|Sunny|11.70|1024.50|39.00]
[GUL|-34.8,149.7|20180704130000|Sunny|11.40|1025.20|41.00]
[GUL|-34.8,149.7|20180704123000|Sunny|11.30|1025.70|48.00]
[GUL|-34.8,149.7|20180704120000|Sunny|10.90|1026.30|50.00]
[GUL|-34.8,149.7|20180704113000|Sunny|10.20|1026.80|54.00]
[GUL|-34.8,149.7|20180704110000|Sunny|9.80|1027.20|62.00]
[GUL|-34.8,149.7|20180704103000|Sunny|7.70|1027.50|71.00]
[GUL|-34.8,149.7|20180704100000|Sunny|4.50|1027.70|84.00]
[GUL|-34.8,149.7|20180704093000|Sunny|1.50|1027.90|92.00]
[GUL|-34.8,149.7|20180704090000|Sunny|0.60|1028.00|99.00]
[GUL|-34.8,149.7|20180704083000|Sunny|0.20|1027.80|99.00]
[GUL|-34.8,149.7|20180704080000|Sunny|-3.60|1027.50|99.00]
[GUL|-34.8,149.7|20180704073000|Sunny|-6.00|1027.60|96.00]
[GUL|-34.8,149.7|20180704071900|Sunny|-6.00|1027.60|96.00]
[GUL|-34.8,149.7|20180704070000|Sunny|-5.90|1027.40|97.00]
[GUL|-34.8,149.7|20180704065400|Sunny|-5.90|1027.40|97.00]
[GUL|-34.8,149.7|20180704063000|Sunny|-4.90|1027.20|99.00]
[GUL|-34.8,149.7|20180704060000|Sunny|-5.80|1027.10|97.00]
[GUL|-34.8,149.7|20180704054900|Sunny|-5.20|1027.00|98.00]
[GUL|-34.8,149.7|20180704053000|Sunny|-4.60|1027.00|98.00]
[GUL|-34.8,149.7|20180704052600|Sunny|-5.10|1027.00|98.00]
[GUL|-34.8,149.7|20180704050000|Sunny|-4.50|1027.00|99.00]
[GUL|-34.8,149.7|20180704043000|Sunny|-4.90|1027.10|98.00]
[GUL|-34.8,149.7|20180704041100|Sunny|-4.20|1027.10|99.00]
[GUL|-34.8,149.7|20180704040000|Sunny|-4.30|1027.20|98.00]
[GUL|-34.8,149.7|20180704035200|Sunny|-4.90|1027.10|96.00]
[GUL|-34.8,149.7|20180704033000|Sunny|-3.10|1027.10|99.00]
[GUL|-34.8,149.7|20180704030000|Sunny|-3.50|1027.10|98.00]
[GUL|-34.8,149.7|20180704023000|Sunny|-4.70|1027.40|99.00]
[GUL|-34.8,149.7|20180704020000|Sunny|-4.50|1027.70|99.00]
[GUL|-34.8,149.7|20180704015000|Sunny|-4.20|1027.80|99.00]
[GUL|-34.8,149.7|20180704013000|Sunny|-3.40|1027.90|99.00]
[GUL|-34.8,149.7|20180704010000|Sunny|-3.60|1027.70|99.00]
[GUL|-34.8,149.7|20180704003000|Sunny|-3.40|1027.60|97.00]
[GUL|-34.8,149.7|20180704000000|Sunny|-3.40|1027.80|96.00]
[GUL|-34.8,149.7|20180703233000|Sunny|-2.50|1028.00|98.00]
[GUL|-34.8,149.7|20180703230000|Sunny|-3.10|1028.10|98.00]
[GUL|-34.8,149.7|20180703223000|Sunny|-2.50|1028.00|97.00]
[GUL|-34.8,149.7|20180703220000|Sunny|-1.80|1028.00|96.00]
[GUL|-34.8,149.7|20180703213000|Sunny|-1.30|1028.10|94.00]
[GUL|-34.8,149.7|20180703210000|Sunny|-0.30|1027.70|96.00]
[GUL|-34.8,149.7|20180703203000|Sunny|-0.20|1027.80|95.00]
[GUL|-34.8,149.7|20180703200000|Sunny|-0.20|1028.10|93.00]
[GUL|-34.8,149.7|20180703193000|Sunny|0.70|1028.00|88.00]
[GUL|-34.8,149.7|20180703190000|Sunny|2.60|1027.50|87.00]
[GUL|-34.8,149.7|20180703183000|Sunny|2.70|1027.00|83.00]
[GUL|-34.8,149.7|20180703180000|Sunny|3.40|1027.00|80.00]
[GUL|-34.8,149.7|20180703173000|Sunny|0.50|1027.10|79.00]
[GUL|-34.8,149.7|20180703170000|Sunny|4.00|1026.40|66.00]
[GUL|-34.8,149.7|20180703163000|Sunny|9.20|1026.30|58.00]
[GUL|-34.8,149.7|20180703160000|Sunny|8.40|1026.80|54.00]
[GUL|-34.8,149.7|20180703153000|Sunny|8.40|1026.80|54.00]
[GUL|-34.8,149.7|20180703150000|Sunny|9.30|1026.70|55.00]
[GUL|-34.8,149.7|20180703143000|Sunny|10.00|1026.80|51.00]
[GUL|-34.8,149.7|20180703140000|Sunny|11.00|1026.30|53.00]
[GUL|-34.8,149.7|20180703133000|Sunny|11.00|1026.80|67.00]
[GUL|-34.8,149.7|20180703130000|Sunny|9.10|1027.10|73.00]
[GUL|-34.8,149.7|20180703123000|Sunny|8.50|1027.90|79.00]
[GUL|-34.8,149.7|20180703120600|Sunny|8.10|1028.70|89.00]
[GUL|-34.8,149.7|20180703120000|Sunny|7.30|1028.70|93.00]
[GUL|-34.8,149.7|20180703113000|Sunny|4.80|1029.30|99.00]
[GUL|-34.8,149.7|20180703111600|Sunny|5.20|1029.40|99.00]
[GUL|-34.8,149.7|20180703110000|Sunny|4.70|1029.60|99.00]
[GUL|-34.8,149.7|20180703103000|Sunny|3.30|1029.60|99.00]
[GUL|-34.8,149.7|20180703100000|Sunny|4.10|1030.20|99.00]
[GUL|-34.8,149.7|20180703093000|Sunny|2.90|1030.20|99.00]
[GUL|-34.8,149.7|20180703090000|Sunny|2.20|1030.00|99.00]
[GUL|-34.8,149.7|20180703083000|Sunny|2.90|1030.00|99.00]
[GUL|-34.8,149.7|20180703080000|Sunny|3.30|1029.90|99.00]
[GUL|-34.8,149.7|20180703073000|Sunny|3.10|1029.90|99.00]
[GUL|-34.8,149.7|20180703070000|Sunny|1.30|1030.10|99.00]
[GUL|-34.8,149.7|20180703063000|Sunny|3.30|1030.10|99.00]
[GUL|-34.8,149.7|20180703060000|Sunny|1.90|1030.10|99.00]
[GUL|-34.8,149.7|20180703053000|Sunny|3.00|1029.70|99.00]
[GUL|-34.8,149.7|20180703050000|Sunny|3.00|1030.00|99.00]
[GUL|-34.8,149.7|20180703044800|Sunny|2.90|1030.10|99.00]
[GUL|-34.8,149.7|20180703043000|Sunny|2.70|1029.70|99.00]
[GUL|-34.8,149.7|20180703040000|Sunny|2.50|1029.40|99.00]
[GUL|-34.8,149.7|20180703033000|Sunny|2.70|1029.50|99.00]
[GUL|-34.8,149.7|20180703030000|Sunny|1.60|1029.70|99.00]
[GUL|-34.8,149.7|20180703023000|Sunny|1.50|1029.50|99.00]
[GUL|-34.8,149.7|20180703022800|Sunny|1.50|1029.60|99.00]
[GUL|-34.8,149.7|20180703020000|Sunny|2.30|1029.70|99.00]
[GUL|-34.8,149.7|20180703013000|Sunny|1.70|1029.50|99.00]
[GUL|-34.8,149.7|20180703010000|Sunny|1.70|1029.90|99.00]
[GUL|-34.8,149.7|20180703003000|Sunny|2.50|1030.00|99.00]
[GUL|-34.8,149.7|20180703000000|Sunny|2.60|1030.40|99.00]
[GUL|-34.8,149.7|20180702233000|Sunny|2.00|1030.60|99.00]
[GUL|-34.8,149.7|20180702231200|Sunny|3.20|1030.70|99.00]
[GUL|-34.8,149.7|20180702230000|Sunny|2.60|1030.80|99.00]
[GUL|-34.8,149.7|20180702223000|Sunny|2.50|1030.90|99.00]
[GUL|-34.8,149.7|20180702220000|Sunny|2.60|1031.10|99.00]
[GUL|-34.8,149.7|20180702213000|Sunny|-1.30|1031.00|98.00]
[GUL|-34.8,149.7|20180702212500|Sunny|-2.40|1031.00|96.00]
[GUL|-34.8,149.7|20180702210000|Sunny|-0.50|1030.60|96.00]
[GUL|-34.8,149.7|20180702203000|Sunny|2.30|1030.60|98.00]
[GUL|-34.8,149.7|20180702200000|Sunny|1.20|1030.40|94.00]
[GUL|-34.8,149.7|20180702193000|Sunny|1.00|1030.20|88.00]
[GUL|-34.8,149.7|20180702190000|Sunny|2.50|1030.20|81.00]
[GUL|-34.8,149.7|20180702183000|Sunny|4.60|1029.90|79.00]
[GUL|-34.8,149.7|20180702180000|Sunny|4.50|1029.30|74.00]
[GUL|-34.8,149.7|20180702173000|Sunny|4.80|1029.10|69.00]
[GUL|-34.8,149.7|20180702170000|Sunny|6.30|1029.20|67.00]
[GUL|-34.8,149.7|20180702163000|Sunny|6.00|1029.10|64.00]
[GUL|-34.8,149.7|20180702160000|Sunny|6.90|1029.40|62.00]
[GUL|-34.8,149.7|20180702153000|Sunny|7.30|1029.50|62.00]
[GUL|-34.8,149.7|20180702150000|Sunny|6.70|1029.40|60.00]
[GUL|-34.8,149.7|20180702143000|Sunny|6.50|1029.50|60.00]
[GUL|-34.8,149.7|20180702140000|Sunny|6.60|1029.60|61.00]
[GUL|-34.8,149.7|20180702133000|Sunny|6.80|1030.10|62.00]
[GUL|-34.8,149.7|20180702130000|Sunny|5.50|1030.40|65.00]
[GUL|-34.8,149.7|20180702123000|Sunny|5.60|1030.70|67.00]
[GUL|-34.8,149.7|20180702120000|Sunny|4.70|1031.00|68.00]
[GUL|-34.8,149.7|20180702113000|Sunny|5.10|1031.60|68.00]
[GUL|-34.8,149.7|20180702111000|Sunny|4.40|1032.10|71.00]
[GUL|-34.8,149.7|20180702110000|Sunny|6.30|1032.10|76.00]
[GUL|-34.8,149.7|20180702103000|Sunny|5.90|1032.40|79.00]
[GUL|-34.8,149.7|20180702100000|Sunny|4.30|1032.40|89.00]
[GUL|-34.8,149.7|20180702093000|Sunny|1.80|1032.40|99.00]
[GUL|-34.8,149.7|20180702090400|Sunny|0.50|1032.50|99.00]
[GUL|-34.8,149.7|20180702090000|Sunny|0.30|1032.60|99.00]
[GUL|-34.8,149.7|20180702084400|Sunny|-1.10|1032.50|99.00]
[GUL|-34.8,149.7|20180702083000|Sunny|-1.40|1032.40|99.00]
[GUL|-34.8,149.7|20180702082500|Sunny|-1.80|1032.30|99.00]
[GUL|-34.8,149.7|20180702080000|Sunny|-1.90|1032.50|98.00]
[GUL|-34.8,149.7|20180702074500|Sunny|-2.10|1032.50|99.00]
[GUL|-34.8,149.7|20180702073000|Sunny|-2.50|1032.30|99.00]
[GUL|-34.8,149.7|20180702070000|Sunny|-2.20|1032.30|99.00]
[GUL|-34.8,149.7|20180702063000|Sunny|-2.50|1032.20|99.00]
[GUL|-34.8,149.7|20180702060000|Sunny|-3.00|1032.00|99.00]
[GUL|-34.8,149.7|20180702053000|Sunny|-3.60|1031.70|99.00]
[GUL|-34.8,149.7|20180702050000|Sunny|-4.50|1031.30|99.00]
[GUL|-34.8,149.7|20180702043000|Sunny|-6.80|1031.20|95.00]
[GUL|-34.8,149.7|20180702040000|Sunny|-5.30|1031.30|94.00]
[GUL|-34.8,149.7|20180702033000|Sunny|-3.40|1031.60|98.00]
[GUL|-34.8,149.7|20180702030000|Sunny|-3.30|1031.60|99.00]
[null]
