[MEL|-37.7,144.8|20180704134900|Rain|5.80|1018.50|101.00]
[MEL|-37.7,144.8|20180704133000|Snow|-1.10|1018.40|102.00]
[MEL|-37.7,144.8|20180704130800|Sunny|2.10|1018.60|60.00]
[MEL|-37.7,144.8|20180704130000|Sunny|2.10|1019.00|59.00]
[MEL|-37.7,144.8|20180704123000|Sunny|1.20|1019.30|60.00]
[MEL|-37.7,144.8|20180704120000|Sunny|0.70|1019.40|61.00]
[MEL|-37.7,144.8|20180704113800|Sunny|0.10|1020.00|61.00]
[MEL|-37.7,144.8|20180704113000|Sunny|0.10|1020.00|61.00]
[MEL|-37.7,144.8|20180704111200|Sunny|0.60|1020.50|62.00]
[MEL|-37.7,144.8|20180704110000|Sunny|0.30|1020.80|65.00]
[MEL|-37.7,144.8|20180704103000|Sunny|-1.10|1021.10|67.00]
[MEL|-37.7,144.8|20180704100000|Sunny|-1.60|1020.60|69.00]
[MEL|-37.7,144.8|20180704094000|Sunny|-0.70|1021.10|71.00]
[MEL|-37.7,144.8|20180704093000|Sunny|-0.40|1021.70|69.00]
[MEL|-37.7,144.8|20180704090000|Sunny|-0.90|1021.30|69.00]
[MEL|-37.7,144.8|20180704083800|Sunny|-1.80|1020.00|69.00]
[MEL|-37.7,144.8|20180704083000|Sunny|-1.40|1019.90|68.00]
[MEL|-37.7,144.8|20180704081400|Sunny|-0.80|1020.10|70.00]
[MEL|-37.7,144.8|20180704080000|Sunny|0.20|1021.30|69.00]
[MEL|-37.7,144.8|20180704073600|Sunny|0.30|1020.70|70.00]
[MEL|-37.7,144.8|20180704073000|Sunny|0.00|1020.90|70.00]
[MEL|-37.7,144.8|20180704070000|Sunny|-0.10|1020.90|71.00]
[MEL|-37.7,144.8|20180704064100|Sunny|0.20|1020.60|70.00]
[MEL|-37.7,144.8|20180704063000|Sunny|-1.20|1020.30|68.00]
[MEL|-37.7,144.8|20180704061500|Sunny|-0.60|1021.00|68.00]
[MEL|-37.7,144.8|20180704060000|Sunny|1.40|1021.30|68.00]
[MEL|-37.7,144.8|20180704053000|Sunny|2.00|1021.50|68.00]
[MEL|-37.7,144.8|20180704050300|Sunny|0.50|1021.10|68.00]
[MEL|-37.7,144.8|20180704050000|Sunny|0.30|1021.00|67.00]
[MEL|-37.7,144.8|20180704043000|Sunny|-0.60|1020.30|69.00]
[MEL|-37.7,144.8|20180704040000|Sunny|0.10|1020.50|67.00]
[MEL|-37.7,144.8|20180704033800|Sunny|0.50|1020.90|69.00]
[MEL|-37.7,144.8|20180704033000|Sunny|0.60|1020.90|69.00]
[MEL|-37.7,144.8|20180704030000|Sunny|0.60|1021.20|70.00]
[MEL|-37.7,144.8|20180704023000|Sunny|-0.90|1020.80|69.00]
[MEL|-37.7,144.8|20180704020000|Sunny|0.70|1020.80|68.00]
[MEL|-37.7,144.8|20180704013000|Sunny|1.40|1021.00|67.00]
[MEL|-37.7,144.8|20180704010500|Sunny|1.50|1021.30|67.00]
[MEL|-37.7,144.8|20180704010000|Sunny|2.00|1021.30|69.00]
[MEL|-37.7,144.8|20180704003000|Sunny|2.70|1021.60|69.00]
[MEL|-37.7,144.8|20180704001300|Sunny|3.70|1021.90|69.00]
[MEL|-37.7,144.8|20180704000000|Sunny|3.90|1022.30|71.00]
[MEL|-37.7,144.8|20180703233000|Sunny|4.10|1022.50|73.00]
[MEL|-37.7,144.8|20180703230000|Sunny|1.70|1022.30|71.00]
[MEL|-37.7,144.8|20180703223000|Sunny|2.50|1022.00|69.00]
[MEL|-37.7,144.8|20180703220000|Sunny|2.60|1021.80|69.00]
[MEL|-37.7,144.8|20180703213600|Sunny|1.90|1021.90|71.00]
[MEL|-37.7,144.8|20180703213000|Sunny|0.90|1021.60|69.00]
[MEL|-37.7,144.8|20180703210400|Sunny|0.80|1021.40|69.00]
[MEL|-37.7,144.8|20180703210000|Sunny|0.80|1021.40|69.00]
[MEL|-37.7,144.8|20180703203000|Sunny|2.50|1022.30|70.00]
[MEL|-37.7,144.8|20180703200000|Sunny|4.30|1022.80|73.00]
[MEL|-37.7,144.8|20180703193100|Sunny|4.80|1023.00|75.00]
[MEL|-37.7,144.8|20180703193000|Sunny|5.00|1023.00|74.00]
[MEL|-37.7,144.8|20180703190000|Sunny|5.60|1023.20|73.00]
[MEL|-37.7,144.8|20180703183400|Sunny|4.70|1023.00|75.00]
[MEL|-37.7,144.8|20180703183000|Sunny|4.20|1022.90|74.00]
[MEL|-37.7,144.8|20180703180800|Sunny|4.60|1022.70|74.00]
[MEL|-37.7,144.8|20180703180000|Sunny|4.10|1022.70|74.00]
[MEL|-37.7,144.8|20180703175000|Sunny|3.70|1022.80|73.00]
[MEL|-37.7,144.8|20180703173000|Sunny|3.60|1023.10|73.00]
[MEL|-37.7,144.8|20180703170000|Sunny|4.00|1023.40|73.00]
[MEL|-37.7,144.8|20180703163000|Sunny|4.40|1023.40|70.00]
[MEL|-37.7,144.8|20180703162400|Sunny|4.60|1023.40|67.00]
[MEL|-37.7,144.8|20180703160000|Sunny|3.90|1023.10|64.00]
[MEL|-37.7,144.8|20180703153000|Sunny|6.20|1023.50|61.00]
[MEL|-37.7,144.8|20180703150000|Sunny|5.70|1023.80|64.00]
[MEL|-37.7,144.8|20180703143000|Sunny|5.70|1024.20|64.00]
[MEL|-37.7,144.8|20180703140000|Sunny|6.30|1024.30|62.00]
[MEL|-37.7,144.8|20180703133000|Sunny|4.80|1024.80|66.00]
[MEL|-37.7,144.8|20180703130000|Sunny|4.10|1024.90|66.00]
[MEL|-37.7,144.8|20180703125800|Sunny|4.10|1024.80|67.00]
[MEL|-37.7,144.8|20180703123000|Sunny|2.90|1024.90|69.00]
[MEL|-37.7,144.8|20180703120000|Sunny|2.30|1025.10|67.00]
[MEL|-37.7,144.8|20180703113000|Sunny|1.10|1024.30|65.00]
[MEL|-37.7,144.8|20180703110000|Sunny|2.50|1024.20|61.00]
[MEL|-37.7,144.8|20180703103000|Sunny|2.10|1024.60|65.00]
[MEL|-37.7,144.8|20180703102000|Sunny|1.30|1024.50|67.00]
[MEL|-37.7,144.8|20180703100000|Sunny|2.30|1025.10|66.00]
[MEL|-37.7,144.8|20180703093000|Sunny|2.00|1025.10|70.00]
[MEL|-37.7,144.8|20180703092700|Sunny|2.40|1025.20|68.00]
[MEL|-37.7,144.8|20180703090000|Sunny|1.20|1025.10|69.00]
[MEL|-37.7,144.8|20180703083000|Sunny|-1.20|1024.30|73.00]
[MEL|-37.7,144.8|20180703080500|Sunny|-2.30|1023.20|74.00]
[MEL|-37.7,144.8|20180703080000|Sunny|-2.70|1023.30|75.00]
[MEL|-37.7,144.8|20180703074000|Sunny|-3.20|1023.20|73.00]
[MEL|-37.7,144.8|20180703073000|Sunny|-3.80|1023.30|74.00]
[MEL|-37.7,144.8|20180703071000|Sunny|-4.40|1023.40|76.00]
[MEL|-37.7,144.8|20180703070000|Sunny|-4.20|1023.60|76.00]
[MEL|-37.7,144.8|20180703063000|Sunny|-2.30|1023.60|74.00]
[MEL|-37.7,144.8|20180703060800|Sunny|-0.40|1024.00|76.00]
[MEL|-37.7,144.8|20180703060000|Sunny|0.10|1024.20|75.00]
[MEL|-37.7,144.8|20180703053000|Sunny|-0.70|1024.50|75.00]
[MEL|-37.7,144.8|20180703051600|Sunny|-0.70|1024.80|73.00]
[MEL|-37.7,144.8|20180703050000|Sunny|-1.00|1024.60|72.00]
[MEL|-37.7,144.8|20180703043000|Sunny|-1.80|1024.60|70.00]
[MEL|-37.7,144.8|20180703041000|Sunny|-1.60|1024.50|70.00]
[MEL|-37.7,144.8|20180703040000|Sunny|-1.40|1024.80|70.00]
[MEL|-37.7,144.8|20180703035800|Sunny|-1.10|1024.80|70.00]
[MEL|-37.7,144.8|20180703033000|Sunny|-2.00|1024.60|72.00]
[MEL|-37.7,144.8|20180703030000|Sunny|-2.20|1024.70|72.00]
[MEL|-37.7,144.8|20180703023000|Sunny|-0.40|1025.40|67.00]
[MEL|-37.7,144.8|20180703020000|Sunny|0.30|1025.50|68.00]
[MEL|-37.7,144.8|20180703013000|Sunny|0.80|1025.90|67.00]
[MEL|-37.7,144.8|20180703010000|Sunny|2.10|1026.50|64.00]
[MEL|-37.7,144.8|20180703003000|Sunny|1.00|1026.40|70.00]
[MEL|-37.7,144.8|20180703000000|Sunny|0.60|1026.70|76.00]
[MEL|-37.7,144.8|20180702233000|Sunny|0.80|1026.80|76.00]
[MEL|-37.7,144.8|20180702230000|Sunny|-0.40|1027.10|73.00]
[MEL|-37.7,144.8|20180702223000|Sunny|0.00|1027.00|77.00]
[MEL|-37.7,144.8|20180702220000|Sunny|0.60|1027.20|74.00]
[MEL|-37.7,144.8|20180702213000|Sunny|1.30|1027.60|80.00]
[MEL|-37.7,144.8|20180702210000|Sunny|0.60|1027.50|82.00]
[MEL|-37.7,144.8|20180702203000|Sunny|1.40|1027.80|75.00]
[MEL|-37.7,144.8|20180702200000|Sunny|2.10|1027.80|72.00]
[MEL|-37.7,144.8|20180702193000|Sunny|2.60|1028.00|75.00]
[MEL|-37.7,144.8|20180702190000|Sunny|2.20|1027.90|76.00]
[MEL|-37.7,144.8|20180702183000|Sunny|2.80|1028.00|71.00]
[MEL|-37.7,144.8|20180702180000|Sunny|3.70|1028.10|70.00]
[MEL|-37.7,144.8|20180702173000|Sunny|4.00|1028.00|65.00]
[MEL|-37.7,144.8|20180702170000|Sunny|4.80|1028.20|61.00]
[MEL|-37.7,144.8|20180702163000|Sunny|4.60|1027.80|56.00]
[MEL|-37.7,144.8|20180702160000|Sunny|5.70|1027.80|55.00]
[MEL|-37.7,144.8|20180702153000|Sunny|6.30|1028.10|54.00]
[MEL|-37.7,144.8|20180702150000|Sunny|6.30|1028.30|53.00]
[MEL|-37.7,144.8|20180702143000|Sunny|7.10|1028.40|52.00]
[MEL|-37.7,144.8|20180702140000|Sunny|7.20|1028.90|52.00]
[MEL|-37.7,144.8|20180702133000|Sunny|7.30|1029.10|51.00]
[MEL|-37.7,144.8|20180702130000|Sunny|7.80|1029.70|53.00]
[MEL|-37.7,144.8|20180702123000|Sunny|7.10|1030.00|55.00]
[MEL|-37.7,144.8|20180702120000|Sunny|6.20|1030.40|55.00]
[MEL|-37.7,144.8|20180702113000|Sunny|6.70|1031.20|59.00]
[MEL|-37.7,144.8|20180702110000|Sunny|5.60|1031.70|62.00]
[MEL|-37.7,144.8|20180702103000|Sunny|4.90|1031.80|64.00]
[MEL|-37.7,144.8|20180702100000|Sunny|2.80|1031.70|71.00]
[MEL|-37.7,144.8|20180702093000|Sunny|1.30|1031.70|72.00]
[MEL|-37.7,144.8|20180702090000|Sunny|0.70|1031.70|74.00]
[MEL|-37.7,144.8|20180702083000|Sunny|-2.30|1031.60|83.00]
[MEL|-37.7,144.8|20180702080000|Sunny|-2.90|1032.00|83.00]
[MEL|-37.7,144.8|20180702073000|Sunny|-3.70|1031.90|87.00]
[MEL|-37.7,144.8|20180702070000|Sunny|-2.40|1031.80|83.00]
[MEL|-37.7,144.8|20180702063000|Sunny|-4.10|1031.40|89.00]
[MEL|-37.7,144.8|20180702060000|Sunny|-3.00|1031.30|87.00]
[MEL|-37.7,144.8|20180702053000|Sunny|-3.40|1031.30|89.00]
[MEL|-37.7,144.8|20180702050000|Sunny|-3.00|1031.30|87.00]
[MEL|-37.7,144.8|20180702043000|Sunny|-3.00|1031.40|89.00]
[MEL|-37.7,144.8|20180702040000|Sunny|-3.10|1031.40|86.00]
[MEL|-37.7,144.8|20180702033000|Sunny|-2.80|1031.90|89.00]
[MEL|-37.7,144.8|20180702030000|Sunny|-2.00|1032.00|88.00]
[MEL|-37.7,144.8|20180702023000|Sunny|-3.00|1031.80|88.00]
[MEL|-37.7,144.8|20180702020000|Sunny|-2.80|1032.10|89.00]
[MEL|-37.7,144.8|20180702013000|Sunny|-1.90|1032.30|88.00]
[MEL|-37.7,144.8|20180702010000|Sunny|-2.80|1032.40|89.00]
[MEL|-37.7,144.8|20180702003000|Sunny|-0.90|1032.70|84.00]
[MEL|-37.7,144.8|20180702000000|Sunny|-1.20|1032.50|84.00]
[MEL|-37.7,144.8|20180701233000|Sunny|-1.20|1032.60|85.00]
[MEL|-37.7,144.8|20180701230000|Sunny|0.10|1032.60|83.00]
[MEL|-37.7,144.8|20180701223000|Sunny|-0.50|1032.50|87.00]
[MEL|-37.7,144.8|20180701220000|Sunny|-0.10|1032.40|86.00]
[MEL|-37.7,144.8|20180701213000|Sunny|1.00|1032.10|86.00]
[MEL|-37.7,144.8|20180701210000|Sunny|1.90|1031.90|82.00]
[MEL|-37.7,144.8|20180701203000|Sunny|2.50|1031.70|80.00]
[MEL|-37.7,144.8|20180701200000|Sunny|4.20|1031.60|78.00]
[MEL|-37.7,144.8|20180701193000|Sunny|4.30|1031.20|79.00]
[MEL|-37.7,144.8|20180701190000|Sunny|5.50|1031.20|77.00]
[MEL|-37.7,144.8|20180701183000|Sunny|6.50|1031.10|74.00]
[MEL|-37.7,144.8|20180701180000|Sunny|8.20|1030.80|72.00]
[MEL|-37.7,144.8|20180701173000|Sunny|6.90|1030.70|76.00]
[MEL|-37.7,144.8|20180701170000|Sunny|7.20|1030.50|66.00]
[MEL|-37.7,144.8|20180701163000|Sunny|9.60|1030.60|54.00]
[MEL|-37.7,144.8|20180701160000|Sunny|10.10|1030.70|48.00]
[MEL|-37.7,144.8|20180701153000|Sunny|9.60|1031.00|49.00]
[MEL|-37.7,144.8|20180701150000|Sunny|10.90|1031.00|48.00]
[MEL|-37.7,144.8|20180701143000|Sunny|10.00|1031.20|47.00]
[null]
