[DRW|-12.4,130.9|20180705013000|Sunny|22.90|1013.60|84.00]
[DRW|-12.4,130.9|20180705010000|Sunny|23.60|1013.70|84.00]
[DRW|-12.4,130.9|20180705003000|Sunny|23.80|1013.90|87.00]
[DRW|-12.4,130.9|20180705000000|Sunny|24.30|1013.80|82.00]
[DRW|-12.4,130.9|20180704233000|Sunny|24.70|1013.60|82.00]
[DRW|-12.4,130.9|20180704230000|Sunny|24.90|1013.50|76.00]
[DRW|-12.4,130.9|20180704223000|Sunny|26.20|1013.60|76.00]
[DRW|-12.4,130.9|20180704220000|Sunny|25.20|1013.30|66.00]
[DRW|-12.4,130.9|20180704213000|Sunny|25.10|1013.00|70.00]
[DRW|-12.4,130.9|20180704210000|Sunny|26.50|1012.80|68.00]
[DRW|-12.4,130.9|20180704203000|Sunny|26.00|1012.60|64.00]
[DRW|-12.4,130.9|20180704200000|Sunny|26.30|1012.10|57.00]
[DRW|-12.4,130.9|20180704193000|Sunny|26.70|1011.80|57.00]
[DRW|-12.4,130.9|20180704190000|Sunny|26.20|1011.50|52.00]
[DRW|-12.4,130.9|20180704183000|Sunny|26.10|1011.30|41.00]
[DRW|-12.4,130.9|20180704180000|Sunny|27.10|1010.80|37.00]
[DRW|-12.4,130.9|20180704173000|Sunny|27.60|1010.60|37.00]
[DRW|-12.4,130.9|20180704170000|Sunny|28.90|1010.40|34.00]
[DRW|-12.4,130.9|20180704163000|Sunny|30.50|1010.20|33.00]
[DRW|-12.4,130.9|20180704160000|Sunny|29.20|1010.20|17.00]
[DRW|-12.4,130.9|20180704153000|Sunny|28.50|1010.30|18.00]
[DRW|-12.4,130.9|20180704150000|Sunny|28.00|1010.60|18.00]
[DRW|-12.4,130.9|20180704143000|Sunny|28.30|1010.90|20.00]
[DRW|-12.4,130.9|20180704140000|Sunny|26.70|1011.30|20.00]
[DRW|-12.4,130.9|20180704133000|Sunny|26.90|1011.80|19.00]
[DRW|-12.4,130.9|20180704130000|Sunny|25.10|1012.30|20.00]
[DRW|-12.4,130.9|20180704123000|Sunny|24.50|1012.90|22.00]
[DRW|-12.4,130.9|20180704120000|Sunny|24.90|1013.30|21.00]
[DRW|-12.4,130.9|20180704113000|Sunny|23.00|1013.80|27.00]
[DRW|-12.4,130.9|20180704110000|Sunny|23.20|1014.20|28.00]
[DRW|-12.4,130.9|20180704103000|Sunny|22.90|1014.50|30.00]
[DRW|-12.4,130.9|20180704100000|Sunny|23.80|1014.80|34.00]
[DRW|-12.4,130.9|20180704093000|Sunny|23.20|1014.80|39.00]
[DRW|-12.4,130.9|20180704090000|Sunny|23.20|1014.80|49.00]
[DRW|-12.4,130.9|20180704083000|Sunny|22.40|1014.70|56.00]
[DRW|-12.4,130.9|20180704080000|Sunny|21.60|1014.40|60.00]
[DRW|-12.4,130.9|20180704073000|Sunny|20.90|1014.10|69.00]
[DRW|-12.4,130.9|20180704070000|Sunny|21.40|1013.70|72.00]
[DRW|-12.4,130.9|20180704063000|Sunny|23.20|1013.60|84.00]
[DRW|-12.4,130.9|20180704060000|Sunny|23.30|1013.30|87.00]
[DRW|-12.4,130.9|20180704053000|Sunny|24.00|1013.10|86.00]
[DRW|-12.4,130.9|20180704050000|Sunny|24.00|1013.10|85.00]
[DRW|-12.4,130.9|20180704043000|Sunny|24.90|1013.00|83.00]
[DRW|-12.4,130.9|20180704040000|Sunny|24.80|1013.10|87.00]
[DRW|-12.4,130.9|20180704033000|Sunny|25.50|1013.20|86.00]
[DRW|-12.4,130.9|20180704030000|Sunny|25.80|1013.40|80.00]
[DRW|-12.4,130.9|20180704023000|Sunny|25.90|1013.60|79.00]
[DRW|-12.4,130.9|20180704020000|Sunny|26.20|1013.80|79.00]
[DRW|-12.4,130.9|20180704013000|Sunny|26.60|1013.90|76.00]
[DRW|-12.4,130.9|20180704010000|Sunny|26.20|1013.90|76.00]
[DRW|-12.4,130.9|20180704003000|Sunny|27.10|1013.80|73.00]
[DRW|-12.4,130.9|20180704000000|Sunny|27.40|1013.80|73.00]
[DRW|-12.4,130.9|20180703233000|Sunny|25.60|1013.50|72.00]
[DRW|-12.4,130.9|20180703230000|Sunny|25.50|1013.20|68.00]
[DRW|-12.4,130.9|20180703223000|Sunny|25.40|1013.20|70.00]
[DRW|-12.4,130.9|20180703220000|Sunny|25.60|1013.10|71.00]
[DRW|-12.4,130.9|20180703213000|Sunny|27.00|1013.00|66.00]
[DRW|-12.4,130.9|20180703210000|Sunny|27.90|1012.80|61.00]
[DRW|-12.4,130.9|20180703203000|Sunny|27.30|1012.50|63.00]
[DRW|-12.4,130.9|20180703200000|Sunny|27.10|1012.20|58.00]
[DRW|-12.4,130.9|20180703193000|Sunny|28.20|1011.80|51.00]
[DRW|-12.4,130.9|20180703190000|Sunny|29.70|1011.40|46.00]
[DRW|-12.4,130.9|20180703183000|Sunny|30.00|1011.10|38.00]
[DRW|-12.4,130.9|20180703180000|Sunny|29.80|1010.80|34.00]
[DRW|-12.4,130.9|20180703173000|Sunny|30.30|1010.50|33.00]
[DRW|-12.4,130.9|20180703170000|Sunny|29.90|1010.50|31.00]
[DRW|-12.4,130.9|20180703163000|Sunny|29.30|1010.60|32.00]
[DRW|-12.4,130.9|20180703160000|Sunny|29.60|1010.50|31.00]
[DRW|-12.4,130.9|20180703153000|Sunny|30.60|1010.50|31.00]
[DRW|-12.4,130.9|20180703150000|Sunny|29.20|1010.70|32.00]
[DRW|-12.4,130.9|20180703143000|Sunny|29.20|1011.10|32.00]
[DRW|-12.4,130.9|20180703140000|Sunny|28.20|1011.70|33.00]
[DRW|-12.4,130.9|20180703133000|Sunny|27.40|1012.10|33.00]
[DRW|-12.4,130.9|20180703131200|Sunny|26.40|1012.40|35.00]
[DRW|-12.4,130.9|20180703130000|Sunny|26.10|1012.60|35.00]
[DRW|-12.4,130.9|20180703123600|Sunny|25.60|1013.10|37.00]
[DRW|-12.4,130.9|20180703123000|Sunny|26.40|1013.30|36.00]
[DRW|-12.4,130.9|20180703120000|Sunny|24.90|1013.80|36.00]
[DRW|-12.4,130.9|20180703114400|Sunny|26.70|1013.90|36.00]
[DRW|-12.4,130.9|20180703113000|Sunny|25.40|1014.10|39.00]
[DRW|-12.4,130.9|20180703110000|Sunny|23.90|1014.60|39.00]
[DRW|-12.4,130.9|20180703103000|Sunny|24.10|1014.80|39.00]
[DRW|-12.4,130.9|20180703102000|Sunny|24.60|1014.80|40.00]
[DRW|-12.4,130.9|20180703100000|Sunny|25.90|1015.00|44.00]
[DRW|-12.4,130.9|20180703093000|Sunny|25.10|1015.20|50.00]
[DRW|-12.4,130.9|20180703090000|Sunny|23.20|1015.30|56.00]
[DRW|-12.4,130.9|20180703083000|Sunny|23.20|1015.10|58.00]
[DRW|-12.4,130.9|20180703080000|Sunny|22.30|1014.90|60.00]
[DRW|-12.4,130.9|20180703073000|Sunny|22.70|1014.80|66.00]
[DRW|-12.4,130.9|20180703070000|Sunny|21.80|1014.60|63.00]
[DRW|-12.4,130.9|20180703063000|Sunny|22.40|1014.40|61.00]
[DRW|-12.4,130.9|20180703060000|Sunny|23.10|1014.20|59.00]
[DRW|-12.4,130.9|20180703053000|Sunny|23.20|1014.10|58.00]
[DRW|-12.4,130.9|20180703050000|Sunny|23.50|1013.90|55.00]
[DRW|-12.4,130.9|20180703043000|Sunny|23.60|1013.70|53.00]
[DRW|-12.4,130.9|20180703040000|Sunny|23.50|1013.60|50.00]
[DRW|-12.4,130.9|20180703033000|Sunny|23.20|1013.50|51.00]
[DRW|-12.4,130.9|20180703030000|Sunny|23.20|1013.70|50.00]
[DRW|-12.4,130.9|20180703023000|Sunny|23.70|1013.80|52.00]
[DRW|-12.4,130.9|20180703020000|Sunny|24.30|1013.70|53.00]
[DRW|-12.4,130.9|20180703013000|Sunny|24.70|1013.80|55.00]
[DRW|-12.4,130.9|20180703010000|Sunny|24.60|1013.80|63.00]
[DRW|-12.4,130.9|20180703003000|Sunny|25.50|1013.70|61.00]
[DRW|-12.4,130.9|20180703000000|Sunny|26.90|1013.50|74.00]
[DRW|-12.4,130.9|20180702233000|Sunny|27.80|1013.40|77.00]
[DRW|-12.4,130.9|20180702230000|Sunny|28.30|1013.20|78.00]
[DRW|-12.4,130.9|20180702223000|Sunny|29.10|1013.10|76.00]
[DRW|-12.4,130.9|20180702220000|Sunny|28.10|1012.90|69.00]
[DRW|-12.4,130.9|20180702213000|Sunny|29.10|1012.80|63.00]
[DRW|-12.4,130.9|20180702210000|Sunny|28.70|1012.60|68.00]
[DRW|-12.4,130.9|20180702203000|Sunny|29.60|1012.40|64.00]
[DRW|-12.4,130.9|20180702200000|Sunny|29.30|1011.90|64.00]
[DRW|-12.4,130.9|20180702193000|Sunny|29.30|1011.50|61.00]
[DRW|-12.4,130.9|20180702190000|Sunny|30.20|1011.20|55.00]
[DRW|-12.4,130.9|20180702183000|Sunny|30.50|1010.90|36.00]
[DRW|-12.4,130.9|20180702180000|Sunny|30.40|1010.60|34.00]
[DRW|-12.4,130.9|20180702173000|Sunny|30.20|1010.40|31.00]
[DRW|-12.4,130.9|20180702170000|Sunny|29.70|1010.20|31.00]
[DRW|-12.4,130.9|20180702163000|Sunny|30.40|1010.10|30.00]
[DRW|-12.4,130.9|20180702160000|Sunny|28.30|1010.20|31.00]
[DRW|-12.4,130.9|20180702153000|Sunny|28.70|1010.40|31.00]
[DRW|-12.4,130.9|20180702150000|Sunny|28.60|1010.60|32.00]
[DRW|-12.4,130.9|20180702143000|Sunny|27.80|1011.00|33.00]
[DRW|-12.4,130.9|20180702140000|Sunny|28.90|1011.60|32.00]
[DRW|-12.4,130.9|20180702133000|Sunny|27.40|1011.90|33.00]
[DRW|-12.4,130.9|20180702130000|Sunny|27.10|1012.20|34.00]
[DRW|-12.4,130.9|20180702123000|Sunny|25.50|1012.60|34.00]
[DRW|-12.4,130.9|20180702120500|Sunny|26.40|1013.20|35.00]
[DRW|-12.4,130.9|20180702120000|Sunny|26.50|1013.30|36.00]
[DRW|-12.4,130.9|20180702113000|Sunny|24.00|1013.90|36.00]
[DRW|-12.4,130.9|20180702110600|Sunny|23.90|1014.40|37.00]
[DRW|-12.4,130.9|20180702110000|Sunny|24.30|1014.40|38.00]
[DRW|-12.4,130.9|20180702103000|Sunny|24.30|1014.80|40.00]
[DRW|-12.4,130.9|20180702100000|Sunny|23.50|1015.10|41.00]
[DRW|-12.4,130.9|20180702093000|Sunny|24.20|1015.20|42.00]
[DRW|-12.4,130.9|20180702090000|Sunny|23.90|1015.00|44.00]
[DRW|-12.4,130.9|20180702083000|Sunny|24.30|1014.80|47.00]
[DRW|-12.4,130.9|20180702080000|Sunny|24.00|1014.70|52.00]
[DRW|-12.4,130.9|20180702073000|Sunny|23.30|1014.30|54.00]
[DRW|-12.4,130.9|20180702070000|Sunny|23.60|1014.20|57.00]
[DRW|-12.4,130.9|20180702063000|Sunny|24.80|1014.30|62.00]
[DRW|-12.4,130.9|20180702060000|Sunny|24.50|1014.20|64.00]
[DRW|-12.4,130.9|20180702053000|Sunny|25.20|1014.30|67.00]
[DRW|-12.4,130.9|20180702050000|Sunny|24.60|1014.10|64.00]
[DRW|-12.4,130.9|20180702043000|Sunny|24.60|1014.20|61.00]
[DRW|-12.4,130.9|20180702040000|Sunny|25.30|1014.20|59.00]
[DRW|-12.4,130.9|20180702033000|Sunny|24.90|1014.20|59.00]
[DRW|-12.4,130.9|20180702030000|Sunny|25.00|1014.50|56.00]
[DRW|-12.4,130.9|20180702023000|Sunny|25.30|1014.60|55.00]
[null]
