[BNE|-27.4,153.1|20180705020000|Sunny|17.30|1022.50|98.00]
[BNE|-27.4,153.1|20180705013000|Sunny|16.90|1022.80|97.00]
[BNE|-27.4,153.1|20180705011500|Sunny|16.60|1023.00|95.00]
[BNE|-27.4,153.1|20180705010000|Sunny|17.00|1023.10|91.00]
[BNE|-27.4,153.1|20180705003000|Sunny|17.00|1023.20|87.00]
[BNE|-27.4,153.1|20180705000000|Sunny|17.30|1023.40|87.00]
[BNE|-27.4,153.1|20180704233000|Sunny|17.30|1023.60|84.00]
[BNE|-27.4,153.1|20180704230000|Sunny|17.70|1023.60|85.00]
[BNE|-27.4,153.1|20180704223000|Sunny|17.80|1023.80|86.00]
[BNE|-27.4,153.1|20180704220000|Sunny|17.90|1023.90|87.00]
[BNE|-27.4,153.1|20180704213000|Sunny|18.70|1023.90|87.00]
[BNE|-27.4,153.1|20180704210000|Sunny|17.60|1023.80|87.00]
[BNE|-27.4,153.1|20180704203000|Sunny|17.60|1023.90|86.00]
[BNE|-27.4,153.1|20180704200000|Sunny|18.70|1023.60|84.00]
[BNE|-27.4,153.1|20180704193000|Sunny|19.20|1023.60|78.00]
[BNE|-27.4,153.1|20180704190000|Sunny|19.20|1023.30|77.00]
[BNE|-27.4,153.1|20180704183000|Sunny|19.60|1023.20|76.00]
[BNE|-27.4,153.1|20180704180000|Sunny|19.90|1022.80|77.00]
[BNE|-27.4,153.1|20180704173000|Sunny|19.50|1022.80|76.00]
[BNE|-27.4,153.1|20180704170000|Sunny|19.50|1022.40|74.00]
[BNE|-27.4,153.1|20180704163000|Sunny|19.70|1022.40|70.00]
[BNE|-27.4,153.1|20180704160000|Sunny|19.70|1022.40|66.00]
[BNE|-27.4,153.1|20180704153000|Sunny|20.30|1022.50|62.00]
[BNE|-27.4,153.1|20180704150000|Sunny|20.10|1022.30|59.00]
[BNE|-27.4,153.1|20180704143000|Sunny|19.90|1022.30|59.00]
[BNE|-27.4,153.1|20180704140000|Sunny|19.80|1022.30|59.00]
[BNE|-27.4,153.1|20180704133000|Sunny|20.00|1022.30|55.00]
[BNE|-27.4,153.1|20180704130000|Sunny|20.00|1022.50|57.00]
[BNE|-27.4,153.1|20180704123000|Sunny|20.60|1022.70|59.00]
[BNE|-27.4,153.1|20180704120000|Sunny|19.90|1022.90|59.00]
[BNE|-27.4,153.1|20180704113000|Sunny|19.80|1023.10|61.00]
[BNE|-27.4,153.1|20180704110000|Sunny|19.60|1023.60|61.00]
[BNE|-27.4,153.1|20180704103000|Sunny|20.50|1023.80|61.00]
[BNE|-27.4,153.1|20180704100000|Sunny|20.50|1023.80|70.00]
[BNE|-27.4,153.1|20180704093000|Sunny|18.50|1023.80|76.00]
[BNE|-27.4,153.1|20180704090000|Sunny|17.60|1023.80|78.00]
[BNE|-27.4,153.1|20180704083000|Sunny|17.00|1023.60|81.00]
[BNE|-27.4,153.1|20180704080000|Sunny|14.60|1023.30|86.00]
[BNE|-27.4,153.1|20180704073000|Sunny|14.60|1023.10|91.00]
[BNE|-27.4,153.1|20180704070000|Sunny|14.30|1022.60|85.00]
[BNE|-27.4,153.1|20180704063000|Sunny|12.60|1022.10|89.00]
[BNE|-27.4,153.1|20180704060000|Sunny|12.80|1021.70|83.00]
[BNE|-27.4,153.1|20180704053000|Sunny|12.20|1021.40|83.00]
[BNE|-27.4,153.1|20180704050000|Sunny|11.40|1021.00|84.00]
[BNE|-27.4,153.1|20180704043000|Sunny|11.50|1020.80|84.00]
[BNE|-27.4,153.1|20180704040000|Sunny|12.20|1020.60|81.00]
[BNE|-27.4,153.1|20180704033000|Sunny|11.60|1020.70|84.00]
[BNE|-27.4,153.1|20180704030000|Sunny|11.40|1020.80|79.00]
[BNE|-27.4,153.1|20180704023000|Sunny|12.00|1020.80|78.00]
[BNE|-27.4,153.1|20180704020000|Sunny|12.10|1021.10|76.00]
[BNE|-27.4,153.1|20180704013000|Sunny|11.60|1021.20|76.00]
[BNE|-27.4,153.1|20180704010000|Sunny|11.50|1021.20|71.00]
[BNE|-27.4,153.1|20180704003000|Sunny|11.60|1021.20|70.00]
[BNE|-27.4,153.1|20180704000000|Sunny|10.80|1021.30|70.00]
[BNE|-27.4,153.1|20180703233000|Sunny|11.00|1021.60|68.00]
[BNE|-27.4,153.1|20180703230000|Sunny|12.40|1021.60|66.00]
[BNE|-27.4,153.1|20180703223000|Sunny|12.50|1021.80|67.00]
[BNE|-27.4,153.1|20180703220000|Sunny|12.40|1021.60|63.00]
[BNE|-27.4,153.1|20180703213000|Sunny|12.60|1021.90|61.00]
[BNE|-27.4,153.1|20180703210000|Sunny|12.90|1021.80|60.00]
[BNE|-27.4,153.1|20180703203000|Sunny|13.20|1021.80|61.00]
[BNE|-27.4,153.1|20180703200000|Sunny|13.10|1021.70|65.00]
[BNE|-27.4,153.1|20180703193000|Sunny|12.90|1021.80|66.00]
[BNE|-27.4,153.1|20180703190000|Sunny|14.30|1021.40|53.00]
[BNE|-27.4,153.1|20180703183000|Sunny|15.20|1021.30|53.00]
[BNE|-27.4,153.1|20180703180000|Sunny|15.60|1021.10|51.00]
[BNE|-27.4,153.1|20180703173000|Sunny|16.20|1020.90|50.00]
[BNE|-27.4,153.1|20180703170000|Sunny|15.90|1020.80|48.00]
[BNE|-27.4,153.1|20180703163000|Sunny|17.80|1020.60|47.00]
[BNE|-27.4,153.1|20180703160000|Sunny|17.50|1020.50|48.00]
[BNE|-27.4,153.1|20180703153000|Sunny|19.40|1020.30|47.00]
[BNE|-27.4,153.1|20180703150000|Sunny|19.40|1020.40|47.00]
[BNE|-27.4,153.1|20180703143000|Sunny|20.10|1020.70|49.00]
[BNE|-27.4,153.1|20180703140000|Sunny|19.10|1020.90|45.00]
[BNE|-27.4,153.1|20180703133000|Sunny|19.20|1021.10|45.00]
[BNE|-27.4,153.1|20180703130000|Sunny|18.30|1021.40|45.00]
[BNE|-27.4,153.1|20180703123000|Sunny|18.20|1021.60|46.00]
[BNE|-27.4,153.1|20180703120000|Sunny|17.70|1022.20|47.00]
[BNE|-27.4,153.1|20180703113000|Sunny|17.70|1022.70|49.00]
[BNE|-27.4,153.1|20180703110000|Sunny|16.80|1023.30|54.00]
[BNE|-27.4,153.1|20180703103000|Sunny|15.60|1023.80|57.00]
[BNE|-27.4,153.1|20180703100000|Sunny|15.00|1024.10|61.00]
[BNE|-27.4,153.1|20180703093000|Sunny|13.10|1024.60|63.00]
[BNE|-27.4,153.1|20180703090000|Sunny|12.50|1024.90|65.00]
[BNE|-27.4,153.1|20180703083000|Sunny|11.60|1024.80|69.00]
[BNE|-27.4,153.1|20180703080000|Sunny|11.50|1024.40|74.00]
[BNE|-27.4,153.1|20180703073000|Sunny|10.20|1024.20|81.00]
[BNE|-27.4,153.1|20180703070000|Sunny|9.30|1024.00|87.00]
[BNE|-27.4,153.1|20180703063000|Sunny|10.30|1023.70|85.00]
[BNE|-27.4,153.1|20180703060000|Sunny|10.70|1023.30|82.00]
[BNE|-27.4,153.1|20180703053000|Sunny|10.30|1023.20|87.00]
[BNE|-27.4,153.1|20180703050000|Sunny|11.10|1023.00|80.00]
[BNE|-27.4,153.1|20180703043000|Sunny|9.60|1022.60|87.00]
[BNE|-27.4,153.1|20180703040000|Sunny|11.70|1022.60|84.00]
[BNE|-27.4,153.1|20180703033000|Sunny|11.30|1022.60|87.00]
[BNE|-27.4,153.1|20180703030000|Sunny|11.50|1023.00|88.00]
[BNE|-27.4,153.1|20180703023000|Sunny|11.50|1022.70|84.00]
[BNE|-27.4,153.1|20180703020000|Sunny|12.10|1022.70|81.00]
[BNE|-27.4,153.1|20180703013000|Sunny|12.20|1022.60|84.00]
[BNE|-27.4,153.1|20180703010000|Sunny|13.50|1022.50|78.00]
[BNE|-27.4,153.1|20180703003000|Sunny|12.70|1022.70|83.00]
[BNE|-27.4,153.1|20180703000000|Sunny|13.80|1022.70|82.00]
[BNE|-27.4,153.1|20180702233000|Sunny|14.10|1023.00|83.00]
[BNE|-27.4,153.1|20180702230000|Sunny|14.80|1023.10|74.00]
[BNE|-27.4,153.1|20180702223000|Sunny|15.70|1023.20|75.00]
[BNE|-27.4,153.1|20180702220000|Sunny|16.10|1023.40|77.00]
[BNE|-27.4,153.1|20180702213000|Sunny|16.40|1023.40|79.00]
[BNE|-27.4,153.1|20180702210000|Sunny|17.70|1023.40|85.00]
[BNE|-27.4,153.1|20180702203000|Sunny|17.70|1023.30|85.00]
[BNE|-27.4,153.1|20180702200000|Sunny|18.50|1023.50|78.00]
[BNE|-27.4,153.1|20180702193000|Sunny|19.50|1023.20|77.00]
[BNE|-27.4,153.1|20180702190000|Sunny|19.00|1023.00|75.00]
[BNE|-27.4,153.1|20180702183000|Sunny|18.90|1023.00|75.00]
[BNE|-27.4,153.1|20180702180000|Sunny|20.30|1022.70|77.00]
[BNE|-27.4,153.1|20180702173000|Sunny|19.50|1022.20|76.00]
[BNE|-27.4,153.1|20180702170000|Sunny|19.30|1022.00|76.00]
[BNE|-27.4,153.1|20180702163000|Sunny|19.00|1021.80|75.00]
[BNE|-27.4,153.1|20180702160000|Sunny|19.50|1021.80|69.00]
[BNE|-27.4,153.1|20180702153000|Sunny|19.70|1021.70|63.00]
[BNE|-27.4,153.1|20180702150000|Sunny|19.30|1021.80|66.00]
[BNE|-27.4,153.1|20180702143000|Sunny|19.10|1022.30|69.00]
[BNE|-27.4,153.1|20180702140000|Sunny|19.70|1022.40|66.00]
[BNE|-27.4,153.1|20180702133000|Sunny|20.90|1022.40|66.00]
[BNE|-27.4,153.1|20180702130000|Sunny|20.50|1022.70|58.00]
[BNE|-27.4,153.1|20180702123000|Sunny|20.80|1023.20|56.00]
[BNE|-27.4,153.1|20180702120000|Sunny|20.70|1023.60|57.00]
[BNE|-27.4,153.1|20180702113000|Sunny|20.70|1024.20|60.00]
[BNE|-27.4,153.1|20180702110000|Sunny|19.80|1024.60|62.00]
[BNE|-27.4,153.1|20180702103000|Sunny|18.40|1025.00|66.00]
[BNE|-27.4,153.1|20180702100000|Sunny|16.90|1025.30|69.00]
[BNE|-27.4,153.1|20180702093000|Sunny|15.50|1025.70|71.00]
[BNE|-27.4,153.1|20180702090000|Sunny|14.20|1025.70|75.00]
[BNE|-27.4,153.1|20180702083000|Sunny|14.00|1025.70|80.00]
[BNE|-27.4,153.1|20180702080000|Sunny|13.50|1026.00|83.00]
[BNE|-27.4,153.1|20180702073000|Sunny|13.60|1026.00|83.00]
[BNE|-27.4,153.1|20180702070000|Sunny|12.40|1025.80|91.00]
[BNE|-27.4,153.1|20180702063000|Sunny|13.80|1025.60|92.00]
[BNE|-27.4,153.1|20180702060000|Sunny|13.90|1025.30|88.00]
[BNE|-27.4,153.1|20180702053000|Sunny|13.90|1025.20|87.00]
[BNE|-27.4,153.1|20180702050000|Sunny|13.40|1025.00|91.00]
[BNE|-27.4,153.1|20180702043000|Sunny|13.20|1024.60|91.00]
[BNE|-27.4,153.1|20180702040000|Sunny|14.30|1024.60|94.00]
[BNE|-27.4,153.1|20180702033000|Sunny|13.70|1024.80|94.00]
[BNE|-27.4,153.1|20180702030000|Sunny|14.90|1025.10|91.00]
[null]
